response-time,DNS+dialup,DNS,Request-write,Response-delay,Response-read,status-code,offset
2.3326,0.0286,0.0013,0.0001,2.3036,0.0002,200,0.0043
2.1626,0.0000,0.0000,0.0000,2.1624,0.0001,200,2.3369
2.1505,0.0000,0.0000,0.0000,2.1504,0.0001,200,4.4995
2.1814,0.0000,0.0000,0.0000,2.1811,0.0002,200,6.6500
2.1404,0.0000,0.0000,0.0000,2.1402,0.0001,200,8.8314
2.1575,0.0000,0.0000,0.0001,2.1573,0.0001,200,10.9718
2.1465,0.0000,0.0000,0.0000,2.1463,0.0001,200,13.1293
2.1793,0.0000,0.0000,0.0001,2.1791,0.0001,200,15.2757
2.1561,0.0000,0.0000,0.0000,2.1560,0.0001,200,17.4551
2.1582,0.0000,0.0000,0.0000,2.1581,0.0001,200,19.6112
2.1462,0.0000,0.0000,0.0000,2.1461,0.0001,200,21.7694
2.1403,0.0000,0.0000,0.0000,2.1401,0.0001,200,23.9156
2.1708,0.0000,0.0000,0.0000,2.1707,0.0001,200,26.0559
2.1449,0.0000,0.0000,0.0000,2.1447,0.0001,200,28.2267
2.1477,0.0000,0.0000,0.0000,2.1476,0.0001,200,30.3716
2.1789,0.0000,0.0000,0.0000,2.1788,0.0001,200,32.5193
2.1780,0.0000,0.0000,0.0000,2.1779,0.0001,200,34.6982
2.1821,0.0000,0.0000,0.0000,2.1820,0.0001,200,36.8763
2.1649,0.0000,0.0000,0.0000,2.1647,0.0001,200,39.0584
2.1732,0.0000,0.0000,0.0000,2.1730,0.0001,200,41.2233
2.1751,0.0000,0.0000,0.0000,2.1748,0.0002,200,43.3965
2.2065,0.0000,0.0000,0.0000,2.2063,0.0001,200,45.5716
2.1797,0.0000,0.0000,0.0000,2.1795,0.0001,200,47.7781
2.1707,0.0000,0.0000,0.0000,2.1706,0.0001,200,49.9577
2.2118,0.0000,0.0000,0.0000,2.2117,0.0001,200,52.1285
2.1522,0.0000,0.0000,0.0000,2.1521,0.0001,200,54.3403
2.1816,0.0000,0.0000,0.0000,2.1814,0.0001,200,56.4925
2.1619,0.0000,0.0000,0.0000,2.1617,0.0001,200,58.6741
2.1777,0.0000,0.0000,0.0000,2.1775,0.0001,200,60.8360
2.1744,0.0000,0.0000,0.0000,2.1743,0.0001,200,63.0137
2.1700,0.0000,0.0000,0.0000,2.1698,0.0001,200,65.1881
2.1717,0.0000,0.0000,0.0000,2.1716,0.0001,200,67.3581
2.1579,0.0000,0.0000,0.0000,2.1578,0.0001,200,69.5298
2.1767,0.0000,0.0000,0.0000,2.1766,0.0001,200,71.6878
2.1528,0.0000,0.0000,0.0000,2.1526,0.0001,200,73.8645
2.1698,0.0000,0.0000,0.0000,2.1696,0.0001,200,76.0173
2.1598,0.0000,0.0000,0.0000,2.1596,0.0001,200,78.1871
2.1603,0.0000,0.0000,0.0000,2.1601,0.0001,200,80.3469
2.1449,0.0000,0.0000,0.0000,2.1447,0.0001,200,82.5072
2.1509,0.0000,0.0000,0.0000,2.1507,0.0001,200,84.6521
2.1822,0.0000,0.0000,0.0000,2.1821,0.0001,200,86.8030
2.1374,0.0000,0.0000,0.0000,2.1372,0.0001,200,88.9851
2.1631,0.0000,0.0000,0.0000,2.1630,0.0001,200,91.1225
2.1660,0.0000,0.0000,0.0000,2.1658,0.0001,200,93.2857
2.1567,0.0000,0.0000,0.0000,2.1565,0.0001,200,95.4516
2.1538,0.0000,0.0000,0.0000,2.1537,0.0001,200,97.6083
2.1477,0.0000,0.0000,0.0000,2.1475,0.0001,200,99.7621
2.1516,0.0000,0.0000,0.0000,2.1515,0.0001,200,101.9098
2.1596,0.0000,0.0000,0.0000,2.1595,0.0001,200,104.0614
2.1821,0.0000,0.0000,0.0000,2.1819,0.0001,200,106.2211
2.1340,0.0000,0.0000,0.0000,2.1339,0.0001,200,108.4031
2.1695,0.0000,0.0000,0.0000,2.1693,0.0001,200,110.5372
2.1568,0.0000,0.0000,0.0000,2.1566,0.0001,200,112.7067
2.1714,0.0000,0.0000,0.0000,2.1712,0.0001,200,114.8635
2.1518,0.0000,0.0000,0.0000,2.1517,0.0001,200,117.0349
2.1372,0.0000,0.0000,0.0001,2.1370,0.0001,200,119.1867
2.1422,0.0000,0.0000,0.0003,2.1415,0.0001,200,121.3238
2.1507,0.0000,0.0000,0.0000,2.1505,0.0002,200,123.4660
2.1632,0.0000,0.0000,0.0000,2.1629,0.0002,200,125.6167
2.1702,0.0000,0.0000,0.0000,2.1700,0.0001,200,127.7799
2.1757,0.0000,0.0000,0.0000,2.1756,0.0001,200,129.9501
2.2001,0.0000,0.0000,0.0000,2.2000,0.0001,200,132.1259
2.1732,0.0000,0.0000,0.0000,2.1731,0.0001,200,134.3260
2.1762,0.0000,0.0000,0.0000,2.1760,0.0001,200,136.4992
2.1656,0.0000,0.0000,0.0000,2.1655,0.0001,200,138.6754
2.1762,0.0000,0.0000,0.0000,2.1761,0.0001,200,140.8410
2.1695,0.0000,0.0000,0.0000,2.1693,0.0001,200,143.0173
2.1713,0.0000,0.0000,0.0000,2.1712,0.0001,200,145.1868
2.1968,0.0000,0.0000,0.0000,2.1967,0.0001,200,147.3581
2.1824,0.0000,0.0000,0.0000,2.1823,0.0001,200,149.5549
2.1772,0.0000,0.0000,0.0001,2.1770,0.0001,200,151.7373
2.1673,0.0000,0.0000,0.0000,2.1671,0.0001,200,153.9146
2.1991,0.0000,0.0000,0.0000,2.1990,0.0001,200,156.0819
2.1587,0.0000,0.0000,0.0000,2.1585,0.0001,200,158.2810
2.1640,0.0000,0.0000,0.0000,2.1638,0.0001,200,160.4397
2.1666,0.0000,0.0000,0.0000,2.1664,0.0001,200,162.6036
2.1638,0.0000,0.0000,0.0000,2.1636,0.0001,200,164.7702
2.1646,0.0000,0.0000,0.0000,2.1645,0.0001,200,166.9340
2.1514,0.0000,0.0000,0.0000,2.1512,0.0001,200,169.0986
2.1547,0.0000,0.0000,0.0000,2.1545,0.0001,200,171.2500
2.1773,0.0000,0.0000,0.0000,2.1772,0.0001,200,173.4047
2.1657,0.0000,0.0000,0.0000,2.1655,0.0001,200,175.5820
2.1422,0.0000,0.0000,0.0000,2.1421,0.0001,200,177.7477
2.1600,0.0000,0.0000,0.0000,2.1598,0.0001,200,179.8899
2.1593,0.0000,0.0000,0.0000,2.1591,0.0001,200,182.0499
2.1546,0.0000,0.0000,0.0000,2.1545,0.0001,200,184.2091
2.1517,0.0000,0.0000,0.0000,2.1515,0.0001,200,186.3638
2.1395,0.0000,0.0000,0.0000,2.1393,0.0001,200,188.5154
2.1551,0.0000,0.0000,0.0000,2.1550,0.0001,200,190.6549
2.1843,0.0000,0.0000,0.0000,2.1841,0.0001,200,192.8101
2.1538,0.0000,0.0000,0.0000,2.1536,0.0001,200,194.9944
2.1684,0.0000,0.0000,0.0000,2.1683,0.0001,200,197.1482
2.1542,0.0000,0.0000,0.0000,2.1540,0.0001,200,199.3166
2.1470,0.0000,0.0000,0.0000,2.1468,0.0001,200,201.4707
2.1552,0.0000,0.0000,0.0000,2.1550,0.0001,200,203.6177
2.1729,0.0000,0.0000,0.0000,2.1727,0.0001,200,205.7729
2.1658,0.0000,0.0000,0.0000,2.1656,0.0001,200,207.9458
2.1466,0.0000,0.0000,0.0000,2.1465,0.0001,200,210.1116
2.1619,0.0000,0.0000,0.0000,2.1617,0.0001,200,212.2582
2.1514,0.0000,0.0000,0.0000,2.1511,0.0002,200,214.4201
2.1933,0.0350,0.0013,0.0001,2.1580,0.0002,200,216.5715
2.1275,0.0000,0.0000,0.0000,2.1273,0.0001,200,218.7648
2.1488,0.0000,0.0000,0.0000,2.1486,0.0001,200,220.8922
2.1844,0.0000,0.0000,0.0000,2.1843,0.0001,200,223.0411
2.1942,0.0000,0.0000,0.0000,2.1940,0.0001,200,225.2254
2.1844,0.0000,0.0000,0.0001,2.1843,0.0001,200,227.4196
2.1723,0.0000,0.0000,0.0000,2.1722,0.0001,200,229.6041
2.1617,0.0000,0.0000,0.0000,2.1616,0.0001,200,231.7764
2.1657,0.0000,0.0000,0.0000,2.1655,0.0001,200,233.9381
2.1711,0.0000,0.0000,0.0000,2.1710,0.0001,200,236.1039
2.1577,0.0000,0.0000,0.0000,2.1575,0.0001,200,238.2750
2.1836,0.0000,0.0000,0.0000,2.1835,0.0001,200,240.4327
2.1916,0.0000,0.0000,0.0001,2.1909,0.0001,200,242.6163
2.1681,0.0000,0.0000,0.0000,2.1680,0.0001,200,244.8079
2.1691,0.0000,0.0000,0.0000,2.1689,0.0001,200,246.9761
2.1554,0.0000,0.0000,0.0000,2.1552,0.0001,200,249.1452
2.1725,0.0000,0.0000,0.0000,2.1723,0.0001,200,251.3006
2.1713,0.0000,0.0000,0.0000,2.1711,0.0001,200,253.4730
2.1676,0.0000,0.0000,0.0000,2.1675,0.0001,200,255.6443
2.1640,0.0000,0.0000,0.0000,2.1638,0.0001,200,257.8119
2.1752,0.0000,0.0000,0.0000,2.1751,0.0001,200,259.9759
2.1812,0.0000,0.0000,0.0000,2.1810,0.0001,200,262.1511
2.1617,0.0000,0.0000,0.0001,2.1615,0.0001,200,264.3323
2.1737,0.0000,0.0000,0.0000,2.1736,0.0001,200,266.4940
2.1575,0.0000,0.0000,0.0000,2.1574,0.0001,200,268.6677
2.1608,0.0000,0.0000,0.0000,2.1607,0.0001,200,270.8253
2.1622,0.0000,0.0000,0.0000,2.1621,0.0001,200,272.9861
2.1711,0.0000,0.0000,0.0000,2.1709,0.0001,200,275.1484
2.1612,0.0000,0.0000,0.0001,2.1610,0.0001,200,277.3195
2.1545,0.0000,0.0000,0.0000,2.1544,0.0001,200,279.4807
2.1474,0.0000,0.0000,0.0000,2.1473,0.0001,200,281.6352
2.1528,0.0000,0.0000,0.0000,2.1526,0.0001,200,283.7826
2.2072,0.0000,0.0000,0.0000,2.2070,0.0001,200,285.9354
2.1635,0.0000,0.0000,0.0000,2.1633,0.0001,200,288.1426
2.1603,0.0000,0.0000,0.0000,2.1602,0.0001,200,290.3061
2.1542,0.0000,0.0000,0.0000,2.1540,0.0001,200,292.4665
2.1527,0.0000,0.0000,0.0000,2.1526,0.0001,200,294.6206
2.1543,0.0000,0.0000,0.0000,2.1542,0.0001,200,296.7733
2.1351,0.0000,0.0000,0.0000,2.1350,0.0001,200,298.9277
