response-time,DNS+dialup,DNS,Request-write,Response-delay,Response-read,status-code,offset
3.7561,0.0328,0.0015,0.0001,3.7230,0.0001,200,0.0039
3.6201,0.0000,0.0000,0.0000,3.6200,0.0001,200,3.7600
3.4563,0.0000,0.0000,0.0000,3.4562,0.0001,200,7.3801
3.3916,0.0000,0.0000,0.0000,3.3913,0.0002,200,10.8365
3.4481,0.0000,0.0000,0.0001,3.4479,0.0001,200,14.2281
3.5360,0.0000,0.0000,0.0000,3.5358,0.0001,200,17.6762
3.3831,0.0000,0.0000,0.0000,3.3830,0.0001,200,21.2121
3.4005,0.0000,0.0000,0.0001,3.4003,0.0001,200,24.5953
3.4565,0.0000,0.0000,0.0000,3.4563,0.0001,200,27.9958
3.3344,0.0000,0.0000,0.0000,3.3342,0.0001,200,31.4522
3.4052,0.0000,0.0000,0.0000,3.4051,0.0001,200,34.7866
3.4320,0.0000,0.0000,0.0000,3.4318,0.0001,200,38.1919
3.4158,0.0000,0.0000,0.0000,3.4157,0.0001,200,41.6238
3.4001,0.0000,0.0000,0.0000,3.3999,0.0002,200,45.0396
3.4350,0.0000,0.0000,0.0000,3.4348,0.0001,200,48.4398
3.3292,0.0000,0.0000,0.0000,3.3291,0.0001,200,51.8748
3.3600,0.0000,0.0000,0.0000,3.3599,0.0001,200,55.2040
3.3921,0.0000,0.0000,0.0000,3.3920,0.0001,200,58.5640
3.3240,0.0000,0.0000,0.0000,3.3238,0.0001,200,61.9561
3.3447,0.0000,0.0000,0.0000,3.3446,0.0001,200,65.2801
3.4271,0.0000,0.0000,0.0000,3.4269,0.0001,200,68.6249
3.3729,0.0000,0.0000,0.0000,3.3728,0.0001,200,72.0520
3.3872,0.0000,0.0000,0.0000,3.3870,0.0001,200,75.4249
3.5119,0.0000,0.0000,0.0000,3.5117,0.0001,200,78.8121
3.3028,0.0000,0.0000,0.0000,3.3026,0.0001,200,82.3240
3.3973,0.0000,0.0000,0.0000,3.3971,0.0001,200,85.6267
3.3760,0.0000,0.0000,0.0000,3.3759,0.0001,200,89.0240
3.2769,0.0000,0.0000,0.0000,3.2768,0.0001,200,92.4001
3.3870,0.0000,0.0000,0.0000,3.3869,0.0001,200,95.6770
3.4239,0.0000,0.0000,0.0000,3.4237,0.0001,200,99.0640
3.3241,0.0000,0.0000,0.0000,3.3239,0.0001,200,102.4879
3.3482,0.0000,0.0000,0.0000,3.3481,0.0001,200,105.8120
3.4600,0.0000,0.0000,0.0000,3.4598,0.0001,200,109.1602
3.3436,0.0000,0.0000,0.0000,3.3434,0.0001,200,112.6202
3.3011,0.0000,0.0000,0.0000,3.3010,0.0001,200,115.9638
3.4512,0.0000,0.0000,0.0000,3.4510,0.0001,200,119.2649
3.2999,0.0000,0.0000,0.0001,3.2989,0.0001,200,122.7161
3.3599,0.0000,0.0000,0.0000,3.3596,0.0001,200,126.0160
3.4280,0.0000,0.0000,0.0000,3.4277,0.0001,200,129.3758
3.3402,0.0000,0.0000,0.0000,3.3400,0.0001,200,132.8038
3.3566,0.0000,0.0000,0.0000,3.3564,0.0001,200,136.1439
3.3957,0.0000,0.0000,0.0000,3.3956,0.0001,200,139.5005
3.3396,0.0000,0.0000,0.0000,3.3395,0.0001,200,142.8962
3.3722,0.0000,0.0000,0.0000,3.3721,0.0001,200,146.2358
3.3719,0.0000,0.0000,0.0000,3.3717,0.0001,200,149.6081
3.3200,0.0000,0.0000,0.0000,3.3198,0.0001,200,152.9799
3.3960,0.0000,0.0000,0.0000,3.3959,0.0001,200,156.2999
3.3722,0.0000,0.0000,0.0000,3.3721,0.0001,200,159.6959
3.3435,0.0000,0.0000,0.0000,3.3433,0.0001,200,163.0682
3.3324,0.0000,0.0000,0.0000,3.3323,0.0001,200,166.4117
3.4518,0.0000,0.0000,0.0000,3.4516,0.0001,200,169.7442
3.2778,0.0000,0.0000,0.0000,3.2777,0.0001,200,173.1959
3.3391,0.0000,0.0000,0.0000,3.3389,0.0001,200,176.4737
3.4282,0.0000,0.0000,0.0000,3.4281,0.0001,200,179.8128
3.3141,0.0000,0.0000,0.0000,3.3139,0.0001,200,183.2410
3.3848,0.0000,0.0000,0.0001,3.3847,0.0001,200,186.5551
3.3617,0.0000,0.0000,0.0000,3.3615,0.0001,200,189.9400
3.2983,0.0000,0.0000,0.0000,3.2982,0.0001,200,193.3016
3.3681,0.0000,0.0000,0.0000,3.3680,0.0001,200,196.6000
3.4240,0.0000,0.0000,0.0000,3.4238,0.0001,200,199.9681
3.2955,0.0000,0.0000,0.0000,3.2953,0.0001,200,203.3921
3.3524,0.0000,0.0000,0.0000,3.3523,0.0001,200,206.6875
3.4040,0.0000,0.0000,0.0000,3.4038,0.0001,200,210.0400
3.2999,0.0000,0.0000,0.0000,3.2998,0.0001,200,213.4439
3.4043,0.0000,0.0000,0.0001,3.4041,0.0001,200,216.7439
3.3556,0.0000,0.0000,0.0000,3.3555,0.0001,200,220.1482
3.3601,0.0000,0.0000,0.0000,3.3599,0.0001,200,223.5038
3.3122,0.0000,0.0000,0.0000,3.3121,0.0001,200,226.8639
3.3490,0.0000,0.0000,0.0000,3.3488,0.0001,200,230.1761
3.3529,0.0000,0.0000,0.0000,3.3528,0.0001,200,233.5250
3.3182,0.0000,0.0000,0.0000,3.3180,0.0001,200,236.8780
3.3677,0.0000,0.0000,0.0000,3.3676,0.0001,200,240.1961
3.3040,0.0000,0.0000,0.0001,3.3035,0.0001,200,243.5639
3.3559,0.0000,0.0000,0.0000,3.3558,0.0001,200,246.8679
3.3762,0.0000,0.0000,0.0000,3.3760,0.0002,200,250.2238
3.3199,0.0000,0.0000,0.0000,3.3198,0.0001,200,253.6000
3.3321,0.0000,0.0000,0.0000,3.3320,0.0001,200,256.9200
3.3438,0.0000,0.0000,0.0000,3.3437,0.0001,200,260.2521
3.3839,0.0000,0.0000,0.0000,3.3837,0.0001,200,263.5959
3.3922,0.0000,0.0000,0.0000,3.3921,0.0001,200,266.9798
3.3440,0.0000,0.0000,0.0000,3.3439,0.0001,200,270.3720
3.2916,0.0000,0.0000,0.0000,3.2914,0.0001,200,273.7160
3.3364,0.0000,0.0000,0.0000,3.3362,0.0001,200,277.0076
3.3281,0.0000,0.0000,0.0000,3.3280,0.0001,200,280.3440
3.3637,0.0000,0.0000,0.0001,3.3635,0.0001,200,283.6721
3.3193,0.0000,0.0000,0.0000,3.3192,0.0001,200,287.0358
3.3330,0.0000,0.0000,0.0000,3.3329,0.0001,200,290.3551
3.3076,0.0000,0.0000,0.0000,3.3075,0.0001,200,293.6881
3.3644,0.0000,0.0000,0.0000,3.3643,0.0001,200,296.9957
