response-time,DNS+dialup,DNS,Request-write,Response-delay,Response-read,status-code,offset
2.8129,0.0343,0.0013,0.0001,2.7783,0.0002,200,0.0039
2.7840,0.0000,0.0000,0.0000,2.7838,0.0001,200,2.8168
2.6980,0.0000,0.0000,0.0000,2.6979,0.0001,200,5.6008
2.7480,0.0000,0.0000,0.0000,2.7477,0.0002,200,8.2988
2.9240,0.0000,0.0000,0.0001,2.9238,0.0001,200,11.0468
2.7371,0.0000,0.0000,0.0000,2.7369,0.0001,200,13.9707
2.7273,0.0000,0.0000,0.0000,2.7271,0.0001,200,16.7078
2.7071,0.0000,0.0000,0.0000,2.7069,0.0001,200,19.4351
2.6850,0.0000,0.0000,0.0000,2.6849,0.0001,200,22.1422
2.7402,0.0000,0.0000,0.0000,2.7400,0.0001,200,24.8271
2.8419,0.0000,0.0000,0.0000,2.8418,0.0001,200,27.5673
2.7061,0.0000,0.0000,0.0000,2.7059,0.0001,200,30.4092
2.7803,0.0000,0.0000,0.0000,2.7801,0.0001,200,33.1153
2.7185,0.0000,0.0000,0.0000,2.7184,0.0001,200,35.8956
2.7358,0.0000,0.0000,0.0000,2.7356,0.0002,200,38.6141
2.7537,0.0000,0.0000,0.0000,2.7535,0.0001,200,41.3499
2.7430,0.0000,0.0000,0.0000,2.7429,0.0001,200,44.1036
2.8264,0.0000,0.0000,0.0000,2.8262,0.0001,200,46.8466
2.6952,0.0000,0.0000,0.0000,2.6950,0.0001,200,49.6730
2.6661,0.0000,0.0000,0.0000,2.6659,0.0001,200,52.3681
2.7445,0.0000,0.0000,0.0000,2.7444,0.0001,200,55.0342
2.9049,0.0000,0.0000,0.0000,2.9047,0.0001,200,57.7788
2.7159,0.0000,0.0000,0.0000,2.7158,0.0001,200,60.6836
2.6824,0.0000,0.0000,0.0000,2.6822,0.0001,200,63.3996
2.7141,0.0000,0.0000,0.0000,2.7139,0.0001,200,66.0820
2.7408,0.0000,0.0000,0.0000,2.7406,0.0001,200,68.7961
2.7793,0.0000,0.0000,0.0000,2.7791,0.0001,200,71.5368
2.7075,0.0000,0.0000,0.0000,2.7074,0.0001,200,74.3161
2.7432,0.0000,0.0000,0.0000,2.7430,0.0001,200,77.0236
2.7225,0.0000,0.0000,0.0000,2.7224,0.0001,200,79.7668
2.7740,0.0000,0.0000,0.0000,2.7738,0.0001,200,82.4893
2.7082,0.0000,0.0000,0.0000,2.7081,0.0001,200,85.2633
2.8405,0.0000,0.0000,0.0001,2.8403,0.0001,200,87.9715
2.8111,0.0000,0.0000,0.0000,2.8110,0.0001,200,90.8120
2.7566,0.0000,0.0000,0.0000,2.7565,0.0001,200,93.6231
2.6876,0.0000,0.0000,0.0000,2.6874,0.0001,200,96.3798
2.6805,0.0000,0.0000,0.0000,2.6803,0.0001,200,99.0673
2.7050,0.0000,0.0000,0.0000,2.7049,0.0001,200,101.7478
2.7147,0.0000,0.0000,0.0000,2.7145,0.0001,200,104.4528
2.7113,0.0000,0.0000,0.0000,2.7112,0.0001,200,107.1675
2.7447,0.0000,0.0000,0.0000,2.7445,0.0001,200,109.8789
2.7018,0.0000,0.0000,0.0000,2.7016,0.0001,200,112.6236
2.7257,0.0000,0.0000,0.0000,2.7255,0.0001,200,115.3253
2.7925,0.0000,0.0000,0.0000,2.7924,0.0001,200,118.0510
2.7843,0.0000,0.0000,0.0009,2.7832,0.0001,200,120.8435
2.7290,0.0000,0.0000,0.0000,2.7288,0.0001,200,123.6277
2.6934,0.0000,0.0000,0.0000,2.6933,0.0001,200,126.3567
2.6930,0.0000,0.0000,0.0000,2.6928,0.0002,200,129.0501
2.7088,0.0000,0.0000,0.0000,2.7086,0.0001,200,131.7431
2.7794,0.0000,0.0000,0.0000,2.7793,0.0001,200,134.4519
2.7523,0.0000,0.0000,0.0000,2.7521,0.0001,200,137.2314
2.6927,0.0000,0.0000,0.0000,2.6926,0.0001,200,139.9836
2.8121,0.0000,0.0000,0.0000,2.8120,0.0001,200,142.6763
2.7436,0.0000,0.0000,0.0000,2.7434,0.0001,200,145.4885
2.8805,0.0000,0.0000,0.0000,2.8803,0.0001,200,148.2320
2.7869,0.0000,0.0000,0.0000,2.7867,0.0001,200,151.1125
2.7126,0.0000,0.0000,0.0000,2.7125,0.0001,200,153.8994
2.7741,0.0000,0.0000,0.0000,2.7739,0.0001,200,156.6120
2.7283,0.0000,0.0000,0.0000,2.7282,0.0001,200,159.3861
2.7280,0.0000,0.0000,0.0000,2.7277,0.0002,200,162.1145
2.7249,0.0000,0.0000,0.0000,2.7248,0.0001,200,164.8424
3.0650,0.0000,0.0000,0.0000,3.0649,0.0001,200,167.5674
2.6930,0.0000,0.0000,0.0000,2.6928,0.0001,200,170.6324
2.8221,0.0000,0.0000,0.0000,2.8219,0.0001,200,173.3254
2.7541,0.0000,0.0000,0.0000,2.7540,0.0001,200,176.1474
2.7227,0.0000,0.0000,0.0000,2.7225,0.0001,200,178.9016
2.7387,0.0000,0.0000,0.0000,2.7386,0.0001,200,181.6243
2.7424,0.0000,0.0000,0.0000,2.7422,0.0001,200,184.3630
2.7660,0.0000,0.0000,0.0000,2.7658,0.0001,200,187.1054
2.7019,0.0000,0.0000,0.0000,2.7018,0.0001,200,189.8713
2.9743,0.0000,0.0000,0.0000,2.9742,0.0001,200,192.5732
2.7313,0.0000,0.0000,0.0000,2.7311,0.0001,200,195.5475
2.8385,0.0000,0.0000,0.0000,2.8383,0.0001,200,198.2788
2.7684,0.0000,0.0000,0.0001,2.7682,0.0001,200,201.1173
2.7135,0.0000,0.0000,0.0000,2.7134,0.0001,200,203.8857
2.7046,0.0000,0.0000,0.0000,2.7045,0.0001,200,206.5992
2.8010,0.0000,0.0000,0.0000,2.8009,0.0001,200,209.3038
2.7385,0.0000,0.0000,0.0000,2.7384,0.0001,200,212.1048
2.7131,0.0000,0.0000,0.0000,2.7129,0.0001,200,214.8433
2.8526,0.0000,0.0000,0.0000,2.8524,0.0001,200,217.5564
2.7148,0.0000,0.0000,0.0001,2.7146,0.0001,200,220.4090
2.8214,0.0000,0.0000,0.0000,2.8213,0.0001,200,223.1238
2.7134,0.0000,0.0000,0.0000,2.7132,0.0001,200,225.9452
2.7589,0.0000,0.0000,0.0000,2.7588,0.0001,200,228.6586
2.7767,0.0000,0.0000,0.0000,2.7766,0.0001,200,231.4175
2.7836,0.0000,0.0000,0.0000,2.7835,0.0001,200,234.1942
2.7596,0.0000,0.0000,0.0000,2.7594,0.0001,200,236.9778
2.7802,0.0000,0.0000,0.0000,2.7800,0.0001,200,239.7374
2.7245,0.0000,0.0000,0.0000,2.7243,0.0001,200,242.5176
2.7586,0.0000,0.0000,0.0000,2.7584,0.0002,200,245.2420
2.8644,0.0000,0.0000,0.0000,2.8642,0.0002,200,248.0007
2.8084,0.0000,0.0000,0.0000,2.8082,0.0001,200,250.8651
2.7410,0.0000,0.0000,0.0000,2.7409,0.0001,200,253.6735
2.7840,0.0000,0.0000,0.0000,2.7838,0.0001,200,256.4145
2.6850,0.0000,0.0000,0.0000,2.6848,0.0001,200,259.1985
2.7238,0.0000,0.0000,0.0000,2.7236,0.0001,200,261.8835
2.6504,0.0000,0.0000,0.0000,2.6502,0.0001,200,264.6072
2.7038,0.0000,0.0000,0.0000,2.7037,0.0001,200,267.2576
2.7031,0.0000,0.0000,0.0000,2.7029,0.0001,200,269.9615
2.7204,0.0000,0.0000,0.0000,2.7202,0.0002,200,272.6645
2.7655,0.0353,0.0013,0.0001,2.7300,0.0001,200,275.3849
2.7970,0.0000,0.0000,0.0000,2.7968,0.0001,200,278.1504
2.8403,0.0000,0.0000,0.0000,2.8401,0.0001,200,280.9474
2.7890,0.0000,0.0000,0.0000,2.7889,0.0001,200,283.7876
2.7343,0.0000,0.0000,0.0000,2.7341,0.0001,200,286.5766
2.7325,0.0000,0.0000,0.0000,2.7324,0.0001,200,289.3109
2.7506,0.0000,0.0000,0.0000,2.7505,0.0001,200,292.0435
2.7102,0.0000,0.0000,0.0000,2.7100,0.0001,200,294.7940
2.8240,0.0000,0.0000,0.0000,2.8239,0.0001,200,297.5042
