response-time,DNS+dialup,DNS,Request-write,Response-delay,Response-read,status-code,offset
1.9347,0.0343,0.0012,0.0001,1.9000,0.0002,200,0.0034
1.6731,0.0000,0.0000,0.0001,1.6729,0.0001,200,1.9381
1.7404,0.0000,0.0000,0.0000,1.7403,0.0001,200,3.6112
1.6495,0.0000,0.0000,0.0000,1.6493,0.0001,200,5.3517
1.7990,0.0000,0.0000,0.0000,1.7988,0.0001,200,7.0012
1.6993,0.0000,0.0000,0.0000,1.6992,0.0001,200,8.8001
1.7106,0.0000,0.0000,0.0000,1.7104,0.0001,200,10.4995
1.8003,0.0000,0.0000,0.0000,1.8002,0.0001,200,12.2101
1.8176,0.0000,0.0000,0.0001,1.8175,0.0001,200,14.0104
1.6936,0.0000,0.0000,0.0000,1.6934,0.0001,200,15.8281
1.6646,0.0000,0.0000,0.0000,1.6644,0.0001,200,17.5216
1.6867,0.0000,0.0000,0.0000,1.6866,0.0001,200,19.1862
1.7586,0.0000,0.0000,0.0000,1.7584,0.0001,200,20.8729
1.7308,0.0000,0.0000,0.0000,1.7307,0.0001,200,22.6316
1.7007,0.0000,0.0000,0.0000,1.7006,0.0001,200,24.3624
1.6627,0.0000,0.0000,0.0000,1.6626,0.0001,200,26.0631
1.7101,0.0000,0.0000,0.0000,1.7100,0.0001,200,27.7259
1.6859,0.0000,0.0000,0.0000,1.6857,0.0001,200,29.4360
1.6774,0.0000,0.0000,0.0000,1.6772,0.0001,200,31.1219
1.6796,0.0000,0.0000,0.0000,1.6795,0.0001,200,32.7993
1.6440,0.0000,0.0000,0.0000,1.6439,0.0001,200,34.4789
1.6694,0.0000,0.0000,0.0000,1.6693,0.0001,200,36.1229
1.7324,0.0000,0.0000,0.0000,1.7323,0.0001,200,37.7923
1.6409,0.0000,0.0000,0.0000,1.6407,0.0001,200,39.5247
1.7128,0.0000,0.0000,0.0000,1.7126,0.0001,200,41.1656
1.6811,0.0000,0.0000,0.0000,1.6810,0.0001,200,42.8784
1.7006,0.0000,0.0000,0.0000,1.7004,0.0001,200,44.5595
1.6664,0.0000,0.0000,0.0000,1.6663,0.0001,200,46.2601
1.6560,0.0000,0.0000,0.0000,1.6558,0.0001,200,47.9266
1.6488,0.0000,0.0000,0.0000,1.6486,0.0001,200,49.5825
1.6879,0.0000,0.0000,0.0000,1.6877,0.0001,200,51.2313
1.6648,0.0000,0.0000,0.0000,1.6647,0.0001,200,52.9192
1.6631,0.0000,0.0000,0.0001,1.6629,0.0001,200,54.5840
1.6526,0.0000,0.0000,0.0000,1.6525,0.0001,200,56.2470
1.6970,0.0000,0.0000,0.0000,1.6968,0.0001,200,57.8997
1.6568,0.0000,0.0000,0.0000,1.6567,0.0001,200,59.5966
1.6655,0.0000,0.0000,0.0000,1.6653,0.0001,200,61.2535
1.6428,0.0000,0.0000,0.0000,1.6427,0.0001,200,62.9190
1.6734,0.0000,0.0000,0.0000,1.6732,0.0001,200,64.5618
1.7116,0.0000,0.0000,0.0000,1.7114,0.0001,200,66.2352
1.7254,0.0000,0.0000,0.0000,1.7252,0.0001,200,67.9468
1.6412,0.0000,0.0000,0.0000,1.6410,0.0001,200,69.6722
1.6772,0.0000,0.0000,0.0001,1.6771,0.0001,200,71.3134
1.6550,0.0000,0.0000,0.0000,1.6549,0.0001,200,72.9906
1.6455,0.0000,0.0000,0.0000,1.6454,0.0001,200,74.6457
1.7006,0.0000,0.0000,0.0000,1.7004,0.0001,200,76.2912
1.7100,0.0000,0.0000,0.0000,1.7098,0.0001,200,77.9918
1.6804,0.0000,0.0000,0.0000,1.6802,0.0001,200,79.7018
1.7364,0.0000,0.0000,0.0000,1.7363,0.0001,200,81.3822
1.7388,0.0000,0.0000,0.0000,1.7386,0.0001,200,83.1187
1.6652,0.0000,0.0000,0.0000,1.6650,0.0001,200,84.8575
1.6813,0.0000,0.0000,0.0000,1.6811,0.0001,200,86.5226
1.7952,0.0000,0.0000,0.0000,1.7951,0.0001,200,88.2040
1.6607,0.0000,0.0000,0.0000,1.6606,0.0001,200,89.9992
1.6573,0.0000,0.0000,0.0000,1.6571,0.0001,200,91.6599
1.7258,0.0000,0.0000,0.0000,1.7257,0.0001,200,93.3172
1.6834,0.0000,0.0000,0.0000,1.6833,0.0001,200,95.0430
1.6760,0.0000,0.0000,0.0000,1.6758,0.0001,200,96.7265
1.7244,0.0000,0.0000,0.0000,1.7242,0.0001,200,98.4025
1.6764,0.0000,0.0000,0.0000,1.6762,0.0001,200,100.1268
1.7009,0.0000,0.0000,0.0000,1.7007,0.0001,200,101.8032
1.7266,0.0000,0.0000,0.0000,1.7264,0.0001,200,103.5041
1.6752,0.0000,0.0000,0.0000,1.6750,0.0001,200,105.2307
1.6638,0.0000,0.0000,0.0000,1.6636,0.0001,200,106.9059
1.8741,0.0000,0.0000,0.0000,1.8739,0.0001,200,108.5697
1.6810,0.0000,0.0000,0.0000,1.6808,0.0001,200,110.4437
1.6818,0.0000,0.0000,0.0001,1.6816,0.0001,200,112.1247
1.7083,0.0000,0.0000,0.0000,1.7081,0.0001,200,113.8065
1.6728,0.0000,0.0000,0.0000,1.6727,0.0001,200,115.5147
1.6880,0.0000,0.0000,0.0000,1.6878,0.0001,200,117.1875
1.6752,0.0000,0.0000,0.0000,1.6750,0.0001,200,118.8755
1.7291,0.0000,0.0000,0.0000,1.7289,0.0001,200,120.5506
1.6713,0.0000,0.0000,0.0000,1.6711,0.0001,200,122.2798
1.7537,0.0000,0.0000,0.0000,1.7535,0.0002,200,123.9511
1.6731,0.0000,0.0000,0.0000,1.6729,0.0001,200,125.7048
1.6802,0.0000,0.0000,0.0000,1.6801,0.0001,200,127.3779
1.6739,0.0000,0.0000,0.0000,1.6738,0.0001,200,129.0581
1.7104,0.0000,0.0000,0.0000,1.7103,0.0001,200,130.7320
1.6518,0.0000,0.0000,0.0000,1.6516,0.0001,200,132.4425
1.8554,0.0000,0.0000,0.0000,1.8552,0.0001,200,134.0943
1.8013,0.0000,0.0000,0.0000,1.8012,0.0001,200,135.9497
1.7670,0.0000,0.0000,0.0000,1.7669,0.0001,200,137.7510
1.6397,0.0000,0.0000,0.0000,1.6396,0.0001,200,139.5180
1.6937,0.0000,0.0000,0.0001,1.6935,0.0001,200,141.1577
1.6722,0.0000,0.0000,0.0000,1.6720,0.0001,200,142.8514
1.6703,0.0000,0.0000,0.0000,1.6701,0.0001,200,144.5236
1.6593,0.0000,0.0000,0.0000,1.6592,0.0001,200,146.1939
1.6658,0.0000,0.0000,0.0000,1.6657,0.0001,200,147.8533
1.6607,0.0000,0.0000,0.0000,1.6605,0.0001,200,149.5191
1.6799,0.0000,0.0000,0.0001,1.6797,0.0001,200,151.1798
1.6544,0.0000,0.0000,0.0000,1.6543,0.0001,200,152.8597
1.6969,0.0000,0.0000,0.0000,1.6968,0.0001,200,154.5141
1.6694,0.0000,0.0000,0.0000,1.6692,0.0001,200,156.2110
1.7028,0.0000,0.0000,0.0000,1.7027,0.0001,200,157.8804
1.6605,0.0000,0.0000,0.0000,1.6603,0.0001,200,159.5832
1.7019,0.0000,0.0000,0.0000,1.7017,0.0001,200,161.2437
1.7398,0.0000,0.0000,0.0000,1.7396,0.0001,200,162.9456
1.6929,0.0000,0.0000,0.0000,1.6927,0.0001,200,164.6854
1.6728,0.0000,0.0000,0.0000,1.6726,0.0001,200,166.3783
1.7117,0.0000,0.0000,0.0000,1.7114,0.0002,200,168.0511
1.7772,0.0338,0.0011,0.0000,1.7433,0.0001,200,169.7628
1.6986,0.0000,0.0000,0.0000,1.6984,0.0001,200,171.5400
1.8676,0.0000,0.0000,0.0000,1.8674,0.0001,200,173.2385
1.6648,0.0000,0.0000,0.0000,1.6646,0.0001,200,175.1062
1.6929,0.0000,0.0000,0.0000,1.6928,0.0001,200,176.7710
1.8878,0.0000,0.0000,0.0000,1.8877,0.0001,200,178.4639
1.6756,0.0000,0.0000,0.0000,1.6754,0.0001,200,180.3517
1.6902,0.0000,0.0000,0.0000,1.6901,0.0001,200,182.0273
1.7943,0.0000,0.0000,0.0000,1.7941,0.0001,200,183.7175
1.6795,0.0000,0.0000,0.0000,1.6794,0.0001,200,185.5118
1.6911,0.0000,0.0000,0.0000,1.6909,0.0001,200,187.1914
1.7174,0.0000,0.0000,0.0000,1.7172,0.0001,200,188.8825
1.7438,0.0000,0.0000,0.0000,1.7437,0.0001,200,190.5998
1.7331,0.0000,0.0000,0.0000,1.7329,0.0001,200,192.3437
1.7540,0.0000,0.0000,0.0001,1.7538,0.0001,200,194.0767
1.6961,0.0000,0.0000,0.0000,1.6960,0.0001,200,195.8308
1.7237,0.0000,0.0000,0.0000,1.7235,0.0001,200,197.5269
1.7301,0.0000,0.0000,0.0000,1.7300,0.0001,200,199.2506
1.7286,0.0000,0.0000,0.0000,1.7284,0.0001,200,200.9807
1.7145,0.0000,0.0000,0.0000,1.7144,0.0001,200,202.7093
1.7275,0.0000,0.0000,0.0000,1.7273,0.0001,200,204.4238
1.6879,0.0000,0.0000,0.0000,1.6878,0.0001,200,206.1513
1.6803,0.0000,0.0000,0.0000,1.6802,0.0001,200,207.8393
1.6981,0.0000,0.0000,0.0000,1.6979,0.0001,200,209.5196
1.7060,0.0000,0.0000,0.0000,1.7058,0.0001,200,211.2177
1.6931,0.0000,0.0000,0.0000,1.6929,0.0001,200,212.9236
1.8191,0.0000,0.0000,0.0000,1.8189,0.0001,200,214.6167
1.6981,0.0000,0.0000,0.0000,1.6979,0.0001,200,216.4358
1.7164,0.0000,0.0000,0.0000,1.7163,0.0001,200,218.1339
1.6983,0.0000,0.0000,0.0000,1.6982,0.0001,200,219.8504
1.6728,0.0000,0.0000,0.0000,1.6726,0.0001,200,221.5487
1.7356,0.0000,0.0000,0.0000,1.7354,0.0001,200,223.2216
1.6880,0.0000,0.0000,0.0000,1.6879,0.0001,200,224.9572
1.6793,0.0000,0.0000,0.0000,1.6791,0.0001,200,226.6452
1.7755,0.0000,0.0000,0.0000,1.7753,0.0001,200,228.3245
1.6920,0.0000,0.0000,0.0000,1.6919,0.0001,200,230.0999
1.6870,0.0000,0.0000,0.0000,1.6868,0.0001,200,231.7919
1.7449,0.0000,0.0000,0.0000,1.7448,0.0001,200,233.4790
1.7189,0.0000,0.0000,0.0000,1.7187,0.0001,200,235.2239
1.6952,0.0000,0.0000,0.0000,1.6950,0.0001,200,236.9428
1.7359,0.0000,0.0000,0.0000,1.7357,0.0001,200,238.6380
1.7241,0.0000,0.0000,0.0000,1.7239,0.0001,200,240.3739
1.6758,0.0000,0.0000,0.0000,1.6750,0.0001,200,242.0979
1.7359,0.0000,0.0000,0.0000,1.7357,0.0002,200,243.7738
1.7707,0.0000,0.0000,0.0001,1.7703,0.0002,200,245.5097
1.6737,0.0000,0.0000,0.0001,1.6735,0.0001,200,247.2804
1.6731,0.0000,0.0000,0.0000,1.6729,0.0001,200,248.9541
1.7348,0.0000,0.0000,0.0000,1.7347,0.0001,200,250.6272
1.7035,0.0000,0.0000,0.0000,1.7034,0.0001,200,252.3620
1.7358,0.0000,0.0000,0.0000,1.7357,0.0001,200,254.0655
1.6711,0.0000,0.0000,0.0000,1.6709,0.0001,200,255.8013
1.7071,0.0000,0.0000,0.0000,1.7070,0.0001,200,257.4724
1.7100,0.0000,0.0000,0.0000,1.7099,0.0001,200,259.1795
1.9023,0.0000,0.0000,0.0000,1.9021,0.0001,200,260.8896
1.6893,0.0000,0.0000,0.0001,1.6891,0.0001,200,262.7918
1.7105,0.0000,0.0000,0.0000,1.7104,0.0001,200,264.4812
1.7097,0.0000,0.0000,0.0000,1.7096,0.0001,200,266.1916
1.6639,0.0000,0.0000,0.0000,1.6637,0.0001,200,267.9014
1.6780,0.0000,0.0000,0.0000,1.6779,0.0001,200,269.5652
1.7079,0.0000,0.0000,0.0000,1.7077,0.0001,200,271.2433
1.7178,0.0000,0.0000,0.0000,1.7177,0.0001,200,272.9512
1.6657,0.0000,0.0000,0.0000,1.6656,0.0001,200,274.6690
1.7135,0.0000,0.0000,0.0000,1.7134,0.0001,200,276.3347
1.7591,0.0000,0.0000,0.0001,1.7589,0.0001,200,278.0482
1.6859,0.0000,0.0000,0.0000,1.6858,0.0001,200,279.8073
1.6931,0.0000,0.0000,0.0000,1.6930,0.0001,200,281.4932
1.7405,0.0000,0.0000,0.0000,1.7404,0.0001,200,283.1864
1.6716,0.0000,0.0000,0.0000,1.6714,0.0001,200,284.9269
1.6891,0.0000,0.0000,0.0000,1.6889,0.0001,200,286.5985
1.7118,0.0000,0.0000,0.0000,1.7117,0.0001,200,288.2875
1.6465,0.0000,0.0000,0.0000,1.6463,0.0001,200,289.9994
1.7466,0.0000,0.0000,0.0000,1.7465,0.0001,200,291.6458
1.7437,0.0000,0.0000,0.0000,1.7435,0.0001,200,293.3925
1.6748,0.0000,0.0000,0.0000,1.6747,0.0001,200,295.1361
1.6768,0.0000,0.0000,0.0000,1.6766,0.0002,200,296.8110
1.7559,0.0000,0.0000,0.0000,1.7557,0.0002,200,298.4878
