response-time,DNS+dialup,DNS,Request-write,Response-delay,Response-read,status-code,offset
2.2455,0.0382,0.0011,0.0001,2.2071,0.0001,200,0.0036
2.2316,0.0000,0.0000,0.0000,2.2314,0.0001,200,2.2491
2.1897,0.0000,0.0000,0.0000,2.1895,0.0001,200,4.4807
2.1785,0.0000,0.0000,0.0000,2.1783,0.0002,200,6.6704
2.1706,0.0000,0.0000,0.0000,2.1703,0.0001,200,8.8489
2.1707,0.0000,0.0000,0.0000,2.1706,0.0001,200,11.0195
2.2047,0.0000,0.0000,0.0000,2.2046,0.0001,200,13.1902
2.1621,0.0000,0.0000,0.0000,2.1620,0.0001,200,15.3949
2.1758,0.0000,0.0000,0.0000,2.1757,0.0001,200,17.5570
2.1604,0.0000,0.0000,0.0000,2.1603,0.0001,200,19.7328
2.1727,0.0000,0.0000,0.0000,2.1724,0.0002,200,21.8932
2.1875,0.0000,0.0000,0.0000,2.1874,0.0001,200,24.0659
2.1569,0.0000,0.0000,0.0000,2.1567,0.0001,200,26.2534
2.1490,0.0000,0.0000,0.0000,2.1489,0.0001,200,28.4103
2.1567,0.0000,0.0000,0.0000,2.1565,0.0001,200,30.5593
2.2199,0.0000,0.0000,0.0001,2.2197,0.0001,200,32.7160
2.1843,0.0000,0.0000,0.0000,2.1841,0.0001,200,34.9359
2.1949,0.0000,0.0000,0.0000,2.1948,0.0001,200,37.1202
2.1691,0.0000,0.0000,0.0000,2.1689,0.0001,200,39.3151
2.2010,0.0000,0.0000,0.0000,2.2009,0.0001,200,41.4842
2.2133,0.0000,0.0000,0.0000,2.2132,0.0001,200,43.6852
2.1661,0.0000,0.0000,0.0000,2.1660,0.0001,200,45.8985
2.2078,0.0000,0.0000,0.0000,2.2076,0.0001,200,48.0647
2.1724,0.0000,0.0000,0.0000,2.1722,0.0001,200,50.2724
2.1896,0.0000,0.0000,0.0000,2.1895,0.0001,200,52.4448
2.1970,0.0000,0.0000,0.0000,2.1968,0.0001,200,54.6344
2.1720,0.0000,0.0000,0.0000,2.1719,0.0001,200,56.8314
2.1657,0.0000,0.0000,0.0000,2.1655,0.0001,200,59.0035
2.1817,0.0000,0.0000,0.0001,2.1815,0.0001,200,61.1692
2.2318,0.0000,0.0000,0.0000,2.2316,0.0001,200,63.3509
2.1742,0.0000,0.0000,0.0000,2.1741,0.0001,200,65.5827
2.1729,0.0000,0.0000,0.0000,2.1727,0.0001,200,67.7569
2.2176,0.0000,0.0000,0.0000,2.2174,0.0001,200,69.9298
2.1933,0.0000,0.0000,0.0000,2.1931,0.0001,200,72.1473
2.1875,0.0000,0.0000,0.0000,2.1874,0.0001,200,74.3407
2.1732,0.0000,0.0000,0.0000,2.1731,0.0001,200,76.5282
2.1901,0.0000,0.0000,0.0000,2.1898,0.0001,200,78.7015
2.1648,0.0000,0.0000,0.0000,2.1647,0.0001,200,80.8915
2.1932,0.0000,0.0000,0.0000,2.1931,0.0001,200,83.0563
2.1598,0.0000,0.0000,0.0000,2.1597,0.0001,200,85.2496
2.1758,0.0000,0.0000,0.0000,2.1757,0.0001,200,87.4094
2.1625,0.0000,0.0000,0.0000,2.1624,0.0001,200,89.5852
2.1848,0.0000,0.0000,0.0000,2.1846,0.0001,200,91.7478
2.1599,0.0000,0.0000,0.0000,2.1598,0.0001,200,93.9326
2.1646,0.0000,0.0000,0.0001,2.1644,0.0001,200,96.0925
2.1581,0.0000,0.0000,0.0000,2.1579,0.0001,200,98.2570
2.1987,0.0000,0.0000,0.0000,2.1985,0.0001,200,100.4151
2.2208,0.0000,0.0000,0.0000,2.2206,0.0001,200,102.6138
2.1699,0.0000,0.0000,0.0000,2.1698,0.0001,200,104.8345
2.1537,0.0000,0.0000,0.0000,2.1535,0.0001,200,107.0045
2.1684,0.0000,0.0000,0.0000,2.1683,0.0001,200,109.1582
2.1658,0.0000,0.0000,0.0000,2.1657,0.0001,200,111.3266
2.1828,0.0000,0.0000,0.0000,2.1827,0.0001,200,113.4924
2.1546,0.0000,0.0000,0.0000,2.1545,0.0001,200,115.6752
2.1658,0.0000,0.0000,0.0000,2.1657,0.0001,200,117.8299
2.1556,0.0000,0.0000,0.0001,2.1554,0.0001,200,119.9957
2.1831,0.0000,0.0000,0.0006,2.1824,0.0001,200,122.1512
2.1679,0.0000,0.0000,0.0000,2.1677,0.0001,200,124.3344
2.1672,0.0000,0.0000,0.0000,2.1671,0.0001,200,126.5022
2.1998,0.0000,0.0000,0.0001,2.1996,0.0001,200,128.6695
2.2023,0.0000,0.0000,0.0000,2.2021,0.0002,200,130.8693
2.2206,0.0000,0.0000,0.0000,2.2205,0.0001,200,133.0716
2.1666,0.0000,0.0000,0.0000,2.1664,0.0001,200,135.2922
2.1812,0.0000,0.0000,0.0000,2.1811,0.0001,200,137.4588
2.1851,0.0000,0.0000,0.0000,2.1849,0.0001,200,139.6400
2.1998,0.0000,0.0000,0.0000,2.1996,0.0001,200,141.8251
2.2048,0.0000,0.0000,0.0000,2.2047,0.0001,200,144.0249
2.1631,0.0000,0.0000,0.0000,2.1630,0.0001,200,146.2297
2.1793,0.0000,0.0000,0.0000,2.1791,0.0001,200,148.3928
2.1721,0.0000,0.0000,0.0001,2.1719,0.0001,200,150.5721
2.2238,0.0000,0.0000,0.0000,2.2237,0.0001,200,152.7442
2.1745,0.0000,0.0000,0.0000,2.1744,0.0001,200,154.9680
2.2016,0.0000,0.0000,0.0000,2.2014,0.0001,200,157.1425
2.1747,0.0000,0.0000,0.0000,2.1745,0.0001,200,159.3441
2.1925,0.0000,0.0000,0.0000,2.1923,0.0001,200,161.5188
2.1902,0.0000,0.0000,0.0000,2.1901,0.0001,200,163.7113
2.1727,0.0000,0.0000,0.0000,2.1726,0.0001,200,165.9016
2.1836,0.0000,0.0000,0.0000,2.1835,0.0001,200,168.0743
2.1667,0.0000,0.0000,0.0000,2.1665,0.0001,200,170.2579
2.1808,0.0000,0.0000,0.0000,2.1807,0.0001,200,172.4246
2.1777,0.0000,0.0000,0.0000,2.1776,0.0001,200,174.6054
2.1930,0.0000,0.0000,0.0000,2.1928,0.0001,200,176.7831
2.1607,0.0000,0.0000,0.0000,2.1605,0.0001,200,178.9761
2.1488,0.0000,0.0000,0.0000,2.1487,0.0001,200,181.1368
2.2255,0.0000,0.0000,0.0000,2.2253,0.0001,200,183.2856
2.1648,0.0000,0.0000,0.0000,2.1647,0.0001,200,185.5111
2.1722,0.0000,0.0000,0.0000,2.1721,0.0001,200,187.6759
2.1605,0.0000,0.0000,0.0000,2.1603,0.0001,200,189.8482
2.2119,0.0000,0.0000,0.0001,2.2118,0.0001,200,192.0086
2.1786,0.0000,0.0000,0.0000,2.1784,0.0001,200,194.2205
2.1674,0.0000,0.0000,0.0000,2.1673,0.0001,200,196.3991
2.1604,0.0000,0.0000,0.0000,2.1602,0.0001,200,198.5665
2.1909,0.0000,0.0000,0.0000,2.1908,0.0001,200,200.7269
2.1988,0.0000,0.0000,0.0000,2.1986,0.0001,200,202.9179
2.1548,0.0000,0.0000,0.0000,2.1546,0.0001,200,205.1166
2.1628,0.0000,0.0000,0.0000,2.1627,0.0001,200,207.2714
2.1639,0.0000,0.0000,0.0000,2.1637,0.0001,200,209.4343
2.1689,0.0000,0.0000,0.0000,2.1687,0.0001,200,211.5981
2.1752,0.0000,0.0000,0.0000,2.1751,0.0001,200,213.7670
2.1551,0.0000,0.0000,0.0000,2.1549,0.0001,200,215.9423
2.2045,0.0297,0.0013,0.0000,2.1746,0.0001,200,218.0973
2.1971,0.0000,0.0000,0.0000,2.1969,0.0001,200,220.3018
2.1937,0.0000,0.0000,0.0000,2.1936,0.0001,200,222.4989
2.1639,0.0000,0.0000,0.0000,2.1638,0.0001,200,224.6926
2.1822,0.0000,0.0000,0.0000,2.1821,0.0001,200,226.8565
2.1788,0.0000,0.0000,0.0000,2.1786,0.0001,200,229.0388
2.1743,0.0000,0.0000,0.0000,2.1742,0.0001,200,231.2176
2.2607,0.0000,0.0000,0.0000,2.2605,0.0001,200,233.3919
2.1706,0.0000,0.0000,0.0000,2.1704,0.0001,200,235.6526
2.2046,0.0000,0.0000,0.0000,2.2044,0.0001,200,237.8232
2.1810,0.0000,0.0000,0.0000,2.1809,0.0001,200,240.0277
2.2265,0.0000,0.0000,0.0004,2.2259,0.0001,200,242.2087
2.1896,0.0000,0.0000,0.0000,2.1894,0.0001,200,244.4352
2.1994,0.0000,0.0000,0.0000,2.1992,0.0002,200,246.6248
2.1757,0.0000,0.0000,0.0000,2.1755,0.0001,200,248.8243
2.1646,0.0000,0.0000,0.0000,2.1644,0.0001,200,250.9999
2.2196,0.0000,0.0000,0.0000,2.2194,0.0001,200,253.1645
2.1744,0.0000,0.0000,0.0000,2.1743,0.0001,200,255.3841
2.1965,0.0000,0.0000,0.0000,2.1964,0.0001,200,257.5585
2.1638,0.0000,0.0000,0.0000,2.1637,0.0001,200,259.7550
2.1700,0.0000,0.0000,0.0000,2.1698,0.0001,200,261.9188
2.1978,0.0000,0.0000,0.0000,2.1977,0.0001,200,264.0888
2.1554,0.0000,0.0000,0.0000,2.1553,0.0001,200,266.2866
2.1588,0.0000,0.0000,0.0000,2.1587,0.0001,200,268.4421
2.1691,0.0000,0.0000,0.0001,2.1689,0.0001,200,270.6008
2.2005,0.0000,0.0000,0.0000,2.2003,0.0001,200,272.7699
2.1746,0.0000,0.0000,0.0000,2.1744,0.0001,200,274.9704
2.1711,0.0000,0.0000,0.0000,2.1710,0.0001,200,277.1449
2.1712,0.0000,0.0000,0.0000,2.1710,0.0001,200,279.3160
2.1794,0.0000,0.0000,0.0000,2.1792,0.0001,200,281.4872
2.2079,0.0000,0.0000,0.0000,2.2078,0.0001,200,283.6667
2.1721,0.0000,0.0000,0.0000,2.1719,0.0001,200,285.8746
2.1772,0.0000,0.0000,0.0000,2.1771,0.0001,200,288.0466
2.1543,0.0000,0.0000,0.0000,2.1541,0.0001,200,290.2239
2.1698,0.0000,0.0000,0.0000,2.1697,0.0001,200,292.3782
2.1734,0.0000,0.0000,0.0000,2.1732,0.0001,200,294.5480
2.1767,0.0000,0.0000,0.0000,2.1765,0.0001,200,296.7214
2.1624,0.0000,0.0000,0.0000,2.1623,0.0001,200,298.8980
