response-time,DNS+dialup,DNS,Request-write,Response-delay,Response-read,status-code,offset
1.1713,0.0406,0.0014,0.0001,1.1304,0.0002,200,0.0028
1.1601,0.0000,0.0000,0.0000,1.1600,0.0001,200,1.1741
1.1308,0.0000,0.0000,0.0000,1.1306,0.0001,200,2.3342
1.1417,0.0000,0.0000,0.0001,1.1415,0.0001,200,3.4650
1.1406,0.0000,0.0000,0.0000,1.1405,0.0001,200,4.6067
1.1485,0.0000,0.0000,0.0000,1.1483,0.0001,200,5.7474
1.1532,0.0000,0.0000,0.0000,1.1531,0.0001,200,6.8958
1.1301,0.0000,0.0000,0.0000,1.1299,0.0001,200,8.0490
1.1485,0.0000,0.0000,0.0000,1.1484,0.0001,200,9.1791
1.1459,0.0000,0.0000,0.0000,1.1458,0.0001,200,10.3276
1.1950,0.0000,0.0000,0.0000,1.1948,0.0001,200,11.4736
1.1357,0.0000,0.0000,0.0000,1.1356,0.0001,200,12.6685
1.1427,0.0000,0.0000,0.0000,1.1425,0.0001,200,13.8043
1.1417,0.0000,0.0000,0.0000,1.1416,0.0001,200,14.9470
1.1664,0.0000,0.0000,0.0000,1.1663,0.0001,200,16.0887
1.1531,0.0000,0.0000,0.0000,1.1530,0.0001,200,17.2551
1.1506,0.0000,0.0000,0.0000,1.1505,0.0001,200,18.4082
1.1524,0.0000,0.0000,0.0000,1.1523,0.0001,200,19.5589
1.1485,0.0000,0.0000,0.0000,1.1484,0.0001,200,20.7113
1.1466,0.0000,0.0000,0.0000,1.1465,0.0001,200,21.8598
1.1429,0.0000,0.0000,0.0000,1.1427,0.0001,200,23.0064
1.1568,0.0000,0.0000,0.0000,1.1566,0.0001,200,24.1493
1.1526,0.0000,0.0000,0.0000,1.1525,0.0001,200,25.3061
1.1519,0.0000,0.0000,0.0000,1.1518,0.0001,200,26.4587
1.1434,0.0000,0.0000,0.0000,1.1431,0.0002,200,27.6107
1.1474,0.0000,0.0000,0.0000,1.1473,0.0001,200,28.7540
1.1351,0.0000,0.0000,0.0001,1.1350,0.0001,200,29.9014
1.1635,0.0000,0.0000,0.0000,1.1634,0.0001,200,31.0366
1.1341,0.0000,0.0000,0.0000,1.1340,0.0001,200,32.2001
1.1576,0.0000,0.0000,0.0000,1.1575,0.0001,200,33.3342
1.1342,0.0000,0.0000,0.0001,1.1340,0.0001,200,34.4918
1.1551,0.0000,0.0000,0.0000,1.1550,0.0001,200,35.6260
1.1775,0.0000,0.0000,0.0000,1.1773,0.0001,200,36.7811
1.1378,0.0000,0.0000,0.0000,1.1376,0.0001,200,37.9586
1.1497,0.0000,0.0000,0.0000,1.1496,0.0001,200,39.0964
1.1496,0.0000,0.0000,0.0000,1.1494,0.0001,200,40.2461
1.1524,0.0000,0.0000,0.0000,1.1522,0.0001,200,41.3956
1.1652,0.0000,0.0000,0.0000,1.1650,0.0001,200,42.5480
1.1357,0.0000,0.0000,0.0000,1.1356,0.0001,200,43.7132
1.1581,0.0000,0.0000,0.0000,1.1579,0.0001,200,44.8489
1.1659,0.0000,0.0000,0.0000,1.1657,0.0001,200,46.0070
1.1615,0.0000,0.0000,0.0001,1.1613,0.0001,200,47.1729
1.1349,0.0000,0.0000,0.0000,1.1348,0.0001,200,48.3343
1.1553,0.0000,0.0000,0.0000,1.1551,0.0001,200,49.4692
1.1517,0.0000,0.0000,0.0000,1.1515,0.0001,200,50.6245
1.1403,0.0000,0.0000,0.0000,1.1402,0.0001,200,51.7762
1.1488,0.0000,0.0000,0.0000,1.1486,0.0001,200,52.9165
1.1350,0.0000,0.0000,0.0000,1.1349,0.0001,200,54.0653
1.1454,0.0000,0.0000,0.0000,1.1452,0.0001,200,55.2003
1.1735,0.0000,0.0000,0.0000,1.1734,0.0001,200,56.3457
1.1546,0.0000,0.0000,0.0000,1.1544,0.0001,200,57.5193
1.1486,0.0000,0.0000,0.0000,1.1485,0.0001,200,58.6738
1.1350,0.0000,0.0000,0.0000,1.1348,0.0001,200,59.8224
1.1548,0.0000,0.0000,0.0000,1.1546,0.0002,200,60.9574
1.1355,0.0000,0.0000,0.0000,1.1354,0.0001,200,62.1121
1.1427,0.0000,0.0000,0.0000,1.1426,0.0001,200,63.2477
1.1295,0.0000,0.0000,0.0000,1.1294,0.0001,200,64.3904
1.1576,0.0000,0.0000,0.0000,1.1574,0.0001,200,65.5200
1.1569,0.0000,0.0000,0.0000,1.1568,0.0001,200,66.6775
1.1502,0.0000,0.0000,0.0000,1.1501,0.0001,200,67.8345
1.1391,0.0000,0.0000,0.0000,1.1390,0.0001,200,68.9847
1.1384,0.0000,0.0000,0.0000,1.1383,0.0001,200,70.1238
1.1712,0.0000,0.0000,0.0000,1.1710,0.0001,200,71.2622
1.1522,0.0000,0.0000,0.0000,1.1521,0.0001,200,72.4335
1.1350,0.0000,0.0000,0.0000,1.1348,0.0001,200,73.5857
1.1421,0.0000,0.0000,0.0000,1.1419,0.0001,200,74.7207
1.1660,0.0000,0.0000,0.0000,1.1659,0.0001,200,75.8628
1.1636,0.0000,0.0000,0.0000,1.1635,0.0001,200,77.0288
1.1367,0.0000,0.0000,0.0000,1.1365,0.0001,200,78.1924
1.1341,0.0000,0.0000,0.0000,1.1340,0.0001,200,79.3291
1.1646,0.0000,0.0000,0.0000,1.1645,0.0001,200,80.4632
1.1448,0.0000,0.0000,0.0000,1.1446,0.0001,200,81.6278
1.1382,0.0000,0.0000,0.0001,1.1381,0.0001,200,82.7727
1.1528,0.0000,0.0000,0.0000,1.1527,0.0001,200,83.9109
1.1478,0.0000,0.0000,0.0000,1.1477,0.0001,200,85.0637
1.1933,0.0000,0.0000,0.0000,1.1931,0.0001,200,86.2115
1.1459,0.0000,0.0000,0.0000,1.1457,0.0001,200,87.4048
1.1354,0.0000,0.0000,0.0000,1.1352,0.0001,200,88.5507
1.1381,0.0000,0.0000,0.0000,1.1380,0.0001,200,89.6861
1.2019,0.0000,0.0000,0.0000,1.2017,0.0001,200,90.8242
1.1349,0.0000,0.0000,0.0000,1.1347,0.0001,200,92.0261
1.1513,0.0000,0.0000,0.0001,1.1511,0.0001,200,93.1609
1.1444,0.0000,0.0000,0.0000,1.1442,0.0001,200,94.3122
1.1451,0.0000,0.0000,0.0001,1.1450,0.0001,200,95.4566
1.1465,0.0000,0.0000,0.0000,1.1463,0.0001,200,96.6017
1.1579,0.0000,0.0000,0.0000,1.1577,0.0001,200,97.7482
1.1520,0.0000,0.0000,0.0000,1.1518,0.0001,200,98.9060
1.1304,0.0000,0.0000,0.0000,1.1303,0.0001,200,100.0580
1.1590,0.0000,0.0000,0.0000,1.1588,0.0001,200,101.1884
1.1361,0.0000,0.0000,0.0000,1.1360,0.0001,200,102.3474
1.1464,0.0000,0.0000,0.0000,1.1462,0.0001,200,103.4835
1.1269,0.0000,0.0000,0.0000,1.1268,0.0001,200,104.6299
1.1454,0.0000,0.0000,0.0000,1.1452,0.0001,200,105.7569
1.1451,0.0000,0.0000,0.0000,1.1449,0.0001,200,106.9023
1.1549,0.0000,0.0000,0.0000,1.1548,0.0001,200,108.0474
1.1313,0.0000,0.0000,0.0000,1.1312,0.0001,200,109.2023
1.1438,0.0000,0.0000,0.0000,1.1436,0.0001,200,110.3336
1.1877,0.0000,0.0000,0.0000,1.1875,0.0001,200,111.4774
1.1351,0.0000,0.0000,0.0000,1.1350,0.0001,200,112.6651
1.1297,0.0000,0.0000,0.0000,1.1295,0.0001,200,113.8002
1.1719,0.0337,0.0010,0.0000,1.1381,0.0001,200,114.9299
1.1664,0.0000,0.0000,0.0000,1.1663,0.0001,200,116.1018
1.1623,0.0000,0.0000,0.0000,1.1622,0.0001,200,117.2682
1.1332,0.0000,0.0000,0.0000,1.1330,0.0001,200,118.4306
1.1590,0.0000,0.0000,0.0000,1.1588,0.0001,200,119.5638
1.1527,0.0000,0.0000,0.0000,1.1526,0.0001,200,120.7228
1.1391,0.0000,0.0000,0.0000,1.1390,0.0001,200,121.8755
1.1271,0.0000,0.0000,0.0000,1.1269,0.0002,200,123.0146
1.1324,0.0000,0.0000,0.0000,1.1322,0.0001,200,124.1418
1.1420,0.0000,0.0000,0.0000,1.1419,0.0001,200,125.2742
1.1748,0.0000,0.0000,0.0000,1.1747,0.0001,200,126.4162
1.1439,0.0000,0.0000,0.0000,1.1438,0.0001,200,127.5910
1.1470,0.0000,0.0000,0.0000,1.1469,0.0001,200,128.7350
1.1363,0.0000,0.0000,0.0000,1.1362,0.0001,200,129.8820
1.1559,0.0000,0.0000,0.0000,1.1558,0.0001,200,131.0183
1.1291,0.0000,0.0000,0.0000,1.1289,0.0001,200,132.1743
1.1436,0.0000,0.0000,0.0000,1.1434,0.0001,200,133.3033
1.1332,0.0000,0.0000,0.0000,1.1330,0.0001,200,134.4469
1.1490,0.0000,0.0000,0.0000,1.1489,0.0001,200,135.5801
1.1492,0.0000,0.0000,0.0000,1.1491,0.0001,200,136.7291
1.1477,0.0000,0.0000,0.0001,1.1474,0.0002,200,137.8784
1.1638,0.0000,0.0000,0.0000,1.1636,0.0001,200,139.0260
1.1314,0.0000,0.0000,0.0000,1.1313,0.0001,200,140.1898
1.1545,0.0000,0.0000,0.0000,1.1544,0.0001,200,141.3212
1.1416,0.0000,0.0000,0.0000,1.1415,0.0001,200,142.4757
1.1552,0.0000,0.0000,0.0000,1.1551,0.0001,200,143.6173
1.1307,0.0000,0.0000,0.0000,1.1305,0.0001,200,144.7725
1.1669,0.0000,0.0000,0.0000,1.1668,0.0001,200,145.9031
1.1576,0.0000,0.0000,0.0000,1.1574,0.0001,200,147.0700
1.1398,0.0000,0.0000,0.0000,1.1397,0.0001,200,148.2276
1.1354,0.0000,0.0000,0.0000,1.1353,0.0001,200,149.3674
1.1604,0.0000,0.0000,0.0000,1.1603,0.0001,200,150.5028
1.1451,0.0000,0.0000,0.0000,1.1449,0.0001,200,151.6633
1.1642,0.0000,0.0000,0.0000,1.1641,0.0001,200,152.8084
1.1280,0.0000,0.0000,0.0000,1.1278,0.0001,200,153.9726
1.1312,0.0000,0.0000,0.0000,1.1311,0.0001,200,155.1006
1.1640,0.0000,0.0000,0.0000,1.1638,0.0001,200,156.2318
1.1593,0.0000,0.0000,0.0000,1.1592,0.0001,200,157.3958
1.1363,0.0000,0.0000,0.0000,1.1362,0.0001,200,158.5550
1.1388,0.0000,0.0000,0.0000,1.1387,0.0001,200,159.6914
1.1532,0.0000,0.0000,0.0000,1.1531,0.0001,200,160.8302
1.1360,0.0000,0.0000,0.0000,1.1358,0.0001,200,161.9834
1.1314,0.0000,0.0000,0.0000,1.1313,0.0001,200,163.1194
1.1402,0.0000,0.0000,0.0000,1.1400,0.0001,200,164.2508
1.1450,0.0000,0.0000,0.0000,1.1448,0.0001,200,165.3910
1.1933,0.0000,0.0000,0.0000,1.1931,0.0001,200,166.5360
1.1614,0.0000,0.0000,0.0000,1.1613,0.0001,200,167.7293
1.1459,0.0000,0.0000,0.0000,1.1457,0.0001,200,168.8907
1.1273,0.0000,0.0000,0.0000,1.1271,0.0001,200,170.0366
1.1760,0.0000,0.0000,0.0000,1.1759,0.0001,200,171.1638
1.1345,0.0000,0.0000,0.0000,1.1344,0.0001,200,172.3399
1.1354,0.0000,0.0000,0.0000,1.1353,0.0001,200,173.4744
1.1330,0.0000,0.0000,0.0000,1.1328,0.0001,200,174.6098
1.1543,0.0000,0.0000,0.0000,1.1542,0.0001,200,175.7428
1.1493,0.0000,0.0000,0.0000,1.1491,0.0001,200,176.8972
1.1503,0.0000,0.0000,0.0000,1.1502,0.0001,200,178.0464
1.1357,0.0000,0.0000,0.0000,1.1355,0.0001,200,179.1968
1.1574,0.0000,0.0000,0.0000,1.1572,0.0001,200,180.3324
1.1794,0.0000,0.0000,0.0000,1.1793,0.0001,200,181.4898
1.1288,0.0000,0.0000,0.0000,1.1286,0.0001,200,182.6692
1.1395,0.0000,0.0000,0.0000,1.1394,0.0001,200,183.7980
1.1457,0.0000,0.0000,0.0000,1.1455,0.0001,200,184.9375
1.1534,0.0000,0.0000,0.0000,1.1532,0.0001,200,186.0831
1.1440,0.0000,0.0000,0.0000,1.1438,0.0001,200,187.2365
1.1401,0.0000,0.0000,0.0000,1.1399,0.0001,200,188.3805
1.1329,0.0000,0.0000,0.0000,1.1328,0.0001,200,189.5206
1.1590,0.0000,0.0000,0.0000,1.1589,0.0001,200,190.6535
1.1417,0.0000,0.0000,0.0000,1.1415,0.0001,200,191.8126
1.1319,0.0000,0.0000,0.0000,1.1318,0.0001,200,192.9542
1.1317,0.0000,0.0000,0.0000,1.1316,0.0001,200,194.0861
1.1350,0.0000,0.0000,0.0000,1.1349,0.0001,200,195.2178
1.1851,0.0000,0.0000,0.0000,1.1849,0.0001,200,196.3528
1.1408,0.0000,0.0000,0.0000,1.1406,0.0001,200,197.5379
1.1426,0.0000,0.0000,0.0000,1.1424,0.0001,200,198.6787
1.1368,0.0000,0.0000,0.0000,1.1367,0.0001,200,199.8213
1.1661,0.0000,0.0000,0.0000,1.1660,0.0001,200,200.9580
1.1383,0.0000,0.0000,0.0000,1.1381,0.0001,200,202.1242
1.1450,0.0000,0.0000,0.0000,1.1449,0.0001,200,203.2625
1.1408,0.0000,0.0000,0.0000,1.1407,0.0001,200,204.4075
1.1572,0.0000,0.0000,0.0000,1.1571,0.0001,200,205.5483
1.1436,0.0000,0.0000,0.0000,1.1434,0.0001,200,206.7055
1.1559,0.0000,0.0000,0.0000,1.1558,0.0001,200,207.8491
1.1448,0.0000,0.0000,0.0000,1.1447,0.0001,200,209.0050
1.1364,0.0000,0.0000,0.0000,1.1362,0.0001,200,210.1498
1.1701,0.0000,0.0000,0.0000,1.1698,0.0002,200,211.2862
1.1483,0.0000,0.0000,0.0000,1.1482,0.0001,200,212.4562
1.1393,0.0000,0.0000,0.0000,1.1392,0.0001,200,213.6046
1.1335,0.0000,0.0000,0.0000,1.1334,0.0001,200,214.7439
1.1563,0.0000,0.0000,0.0001,1.1561,0.0001,200,215.8774
1.1396,0.0000,0.0000,0.0000,1.1395,0.0001,200,217.0337
1.1541,0.0000,0.0000,0.0000,1.1540,0.0001,200,218.1733
1.1489,0.0000,0.0000,0.0000,1.1488,0.0001,200,219.3274
1.1528,0.0000,0.0000,0.0000,1.1527,0.0001,200,220.4763
1.1385,0.0000,0.0000,0.0000,1.1384,0.0001,200,221.6291
1.1386,0.0000,0.0000,0.0000,1.1385,0.0001,200,222.7676
1.1446,0.0000,0.0000,0.0000,1.1444,0.0001,200,223.9063
1.1502,0.0000,0.0000,0.0000,1.1500,0.0001,200,225.0509
1.1583,0.0000,0.0000,0.0000,1.1582,0.0001,200,226.2010
1.1402,0.0000,0.0000,0.0000,1.1400,0.0001,200,227.3594
1.1601,0.0000,0.0000,0.0000,1.1599,0.0002,200,228.4996
1.1629,0.0272,0.0010,0.0000,1.1355,0.0001,200,229.6597
1.1587,0.0000,0.0000,0.0000,1.1586,0.0001,200,230.8226
1.1484,0.0000,0.0000,0.0000,1.1482,0.0001,200,231.9813
1.1408,0.0000,0.0000,0.0000,1.1407,0.0001,200,233.1297
1.1299,0.0000,0.0000,0.0000,1.1298,0.0001,200,234.2705
1.1447,0.0000,0.0000,0.0000,1.1446,0.0001,200,235.4004
1.1534,0.0000,0.0000,0.0000,1.1532,0.0001,200,236.5452
1.1391,0.0000,0.0000,0.0000,1.1390,0.0001,200,237.6985
1.1579,0.0000,0.0000,0.0000,1.1578,0.0001,200,238.8376
1.1599,0.0000,0.0000,0.0000,1.1593,0.0006,200,239.9956
1.1516,0.0000,0.0000,0.0000,1.1509,0.0001,200,241.1555
1.1350,0.0000,0.0000,0.0000,1.1348,0.0001,200,242.3071
1.1367,0.0000,0.0000,0.0000,1.1365,0.0001,200,243.4421
1.1456,0.0000,0.0000,0.0000,1.1455,0.0001,200,244.5788
1.1447,0.0000,0.0000,0.0000,1.1445,0.0001,200,245.7244
1.1486,0.0000,0.0000,0.0000,1.1484,0.0001,200,246.8691
1.1476,0.0000,0.0000,0.0000,1.1475,0.0001,200,248.0177
1.1391,0.0000,0.0000,0.0000,1.1389,0.0001,200,249.1654
1.1574,0.0000,0.0000,0.0000,1.1573,0.0001,200,250.3045
1.1606,0.0000,0.0000,0.0000,1.1604,0.0001,200,251.4619
1.1456,0.0000,0.0000,0.0000,1.1455,0.0001,200,252.6225
1.1323,0.0000,0.0000,0.0000,1.1322,0.0001,200,253.7681
1.1322,0.0000,0.0000,0.0000,1.1320,0.0001,200,254.9005
1.1507,0.0000,0.0000,0.0000,1.1505,0.0001,200,256.0327
1.1338,0.0000,0.0000,0.0000,1.1336,0.0001,200,257.1833
1.1437,0.0000,0.0000,0.0000,1.1436,0.0001,200,258.3171
1.1346,0.0000,0.0000,0.0000,1.1344,0.0001,200,259.4608
1.1483,0.0000,0.0000,0.0000,1.1482,0.0001,200,260.5954
1.1466,0.0000,0.0000,0.0000,1.1465,0.0001,200,261.7437
1.1612,0.0000,0.0000,0.0000,1.1610,0.0001,200,262.8903
1.1447,0.0000,0.0000,0.0000,1.1445,0.0001,200,264.0515
1.1428,0.0000,0.0000,0.0000,1.1427,0.0001,200,265.1961
1.1431,0.0000,0.0000,0.0000,1.1430,0.0001,200,266.3390
1.1504,0.0000,0.0000,0.0000,1.1502,0.0001,200,267.4821
1.1554,0.0000,0.0000,0.0000,1.1553,0.0001,200,268.6324
1.1282,0.0000,0.0000,0.0000,1.1280,0.0001,200,269.7879
1.1512,0.0000,0.0000,0.0001,1.1509,0.0001,200,270.9160
1.1560,0.0000,0.0000,0.0000,1.1558,0.0001,200,272.0672
1.1431,0.0000,0.0000,0.0000,1.1430,0.0001,200,273.2232
1.1276,0.0000,0.0000,0.0000,1.1275,0.0001,200,274.3663
1.1468,0.0000,0.0000,0.0000,1.1467,0.0001,200,275.4940
1.1463,0.0000,0.0000,0.0000,1.1462,0.0001,200,276.6408
1.1318,0.0000,0.0000,0.0000,1.1317,0.0001,200,277.7871
1.1631,0.0000,0.0000,0.0000,1.1629,0.0002,200,278.9189
1.1410,0.0000,0.0000,0.0000,1.1408,0.0001,200,280.0820
1.1650,0.0000,0.0000,0.0000,1.1649,0.0001,200,281.2230
1.1408,0.0000,0.0000,0.0000,1.1406,0.0001,200,282.3880
1.1443,0.0000,0.0000,0.0000,1.1441,0.0001,200,283.5288
1.1424,0.0000,0.0000,0.0000,1.1423,0.0001,200,284.6731
1.1684,0.0000,0.0000,0.0000,1.1683,0.0001,200,285.8155
1.1367,0.0000,0.0000,0.0000,1.1365,0.0001,200,286.9840
1.1327,0.0000,0.0000,0.0000,1.1326,0.0001,200,288.1206
1.1550,0.0000,0.0000,0.0000,1.1549,0.0001,200,289.2533
1.1548,0.0000,0.0000,0.0000,1.1547,0.0001,200,290.4084
1.1404,0.0000,0.0000,0.0000,1.1403,0.0001,200,291.5632
1.1392,0.0000,0.0000,0.0000,1.1390,0.0001,200,292.7036
1.1320,0.0000,0.0000,0.0000,1.1319,0.0001,200,293.8427
1.1336,0.0000,0.0000,0.0000,1.1334,0.0001,200,294.9748
1.1847,0.0000,0.0000,0.0000,1.1845,0.0001,200,296.1084
1.1284,0.0000,0.0000,0.0000,1.1283,0.0001,200,297.2931
1.1452,0.0000,0.0000,0.0000,1.1451,0.0001,200,298.4215
1.1408,0.0000,0.0000,0.0000,1.1406,0.0001,200,299.5667
