response-time,DNS+dialup,DNS,Request-write,Response-delay,Response-read,status-code,offset
2.9134,0.0280,0.0014,0.0001,2.8851,0.0002,200,0.0034
2.7886,0.0000,0.0000,0.0000,2.7885,0.0001,200,2.9168
2.7702,0.0000,0.0000,0.0000,2.7700,0.0001,200,5.7054
2.8411,0.0000,0.0000,0.0001,2.8409,0.0001,200,8.4757
2.8145,0.0000,0.0000,0.0000,2.8143,0.0001,200,11.3168
2.8066,0.0000,0.0000,0.0000,2.8064,0.0001,200,14.1313
2.7455,0.0000,0.0000,0.0000,2.7453,0.0001,200,16.9379
2.7460,0.0000,0.0000,0.0000,2.7459,0.0001,200,19.6834
2.8615,0.0000,0.0000,0.0000,2.8613,0.0001,200,22.4294
2.7609,0.0000,0.0000,0.0000,2.7608,0.0001,200,25.2909
2.8150,0.0000,0.0000,0.0000,2.8148,0.0001,200,28.0518
2.8233,0.0000,0.0000,0.0000,2.8231,0.0001,200,30.8668
2.8161,0.0000,0.0000,0.0000,2.8159,0.0001,200,33.6901
2.8164,0.0000,0.0000,0.0000,2.8162,0.0001,200,36.5062
2.7957,0.0000,0.0000,0.0000,2.7956,0.0001,200,39.3225
2.8378,0.0000,0.0000,0.0000,2.8377,0.0001,200,42.1182
2.7724,0.0000,0.0000,0.0000,2.7723,0.0001,200,44.9561
2.8250,0.0000,0.0000,0.0000,2.8248,0.0001,200,47.7285
2.8619,0.0000,0.0000,0.0000,2.8618,0.0001,200,50.5534
2.7532,0.0000,0.0000,0.0000,2.7530,0.0001,200,53.4154
2.8028,0.0000,0.0000,0.0000,2.8026,0.0001,200,56.1685
2.7660,0.0000,0.0000,0.0000,2.7658,0.0001,200,58.9713
2.8363,0.0000,0.0000,0.0000,2.8362,0.0001,200,61.7373
2.7719,0.0000,0.0000,0.0000,2.7717,0.0001,200,64.5736
2.8327,0.0000,0.0000,0.0000,2.8326,0.0001,200,67.3455
2.8475,0.0000,0.0000,0.0000,2.8473,0.0001,200,70.1782
2.7896,0.0000,0.0000,0.0000,2.7895,0.0001,200,73.0257
2.7849,0.0000,0.0000,0.0000,2.7848,0.0001,200,75.8153
2.7879,0.0000,0.0000,0.0000,2.7878,0.0001,200,78.6003
2.8060,0.0000,0.0000,0.0000,2.8058,0.0001,200,81.3882
2.8279,0.0000,0.0000,0.0000,2.8278,0.0001,200,84.1942
2.7820,0.0000,0.0000,0.0000,2.7819,0.0001,200,87.0221
2.8607,0.0000,0.0000,0.0000,2.8605,0.0001,200,89.8041
2.7929,0.0000,0.0000,0.0000,2.7927,0.0001,200,92.6648
2.7638,0.0000,0.0000,0.0000,2.7637,0.0001,200,95.4577
2.7869,0.0000,0.0000,0.0000,2.7867,0.0001,200,98.2215
2.8565,0.0000,0.0000,0.0000,2.8564,0.0001,200,101.0084
2.7930,0.0000,0.0000,0.0000,2.7928,0.0001,200,103.8649
2.7552,0.0000,0.0000,0.0000,2.7551,0.0001,200,106.6579
2.8118,0.0000,0.0000,0.0000,2.8117,0.0001,200,109.4131
2.8108,0.0000,0.0000,0.0000,2.8106,0.0001,200,112.2249
2.7659,0.0000,0.0000,0.0000,2.7657,0.0001,200,115.0357
2.7451,0.0000,0.0000,0.0000,2.7449,0.0001,200,117.8016
2.8078,0.0000,0.0000,0.0003,2.8068,0.0001,200,120.5467
2.7978,0.0000,0.0000,0.0001,2.7975,0.0001,200,123.3545
2.7440,0.0000,0.0000,0.0000,2.7438,0.0001,200,126.1522
2.7642,0.0000,0.0000,0.0000,2.7640,0.0001,200,128.8962
2.8246,0.0000,0.0000,0.0000,2.8245,0.0001,200,131.6603
2.8415,0.0000,0.0000,0.0000,2.8413,0.0001,200,134.4850
2.7480,0.0000,0.0000,0.0000,2.7478,0.0001,200,137.3265
2.8636,0.0000,0.0000,0.0000,2.8635,0.0001,200,140.0744
2.7682,0.0000,0.0000,0.0000,2.7681,0.0001,200,142.9381
2.7762,0.0000,0.0000,0.0000,2.7761,0.0001,200,145.7063
2.8318,0.0000,0.0000,0.0000,2.8316,0.0001,200,148.4825
2.7493,0.0000,0.0000,0.0000,2.7491,0.0001,200,151.3143
2.7676,0.0000,0.0000,0.0000,2.7674,0.0001,200,154.0636
2.7417,0.0000,0.0000,0.0000,2.7416,0.0001,200,156.8312
2.7885,0.0000,0.0000,0.0000,2.7884,0.0001,200,159.5730
2.8362,0.0000,0.0000,0.0000,2.8360,0.0001,200,162.3615
2.8673,0.0000,0.0000,0.0000,2.8671,0.0001,200,165.1977
2.8101,0.0000,0.0000,0.0000,2.8100,0.0001,200,168.0650
2.8023,0.0000,0.0000,0.0000,2.8021,0.0001,200,170.8751
2.8294,0.0000,0.0000,0.0000,2.8293,0.0001,200,173.6774
2.7224,0.0000,0.0000,0.0000,2.7222,0.0001,200,176.5068
2.9326,0.0000,0.0000,0.0000,2.9324,0.0001,200,179.2293
2.7902,0.0000,0.0000,0.0000,2.7901,0.0001,200,182.1619
2.8188,0.0000,0.0000,0.0000,2.8187,0.0001,200,184.9521
2.7407,0.0000,0.0000,0.0000,2.7405,0.0001,200,187.7710
2.7725,0.0000,0.0000,0.0000,2.7724,0.0001,200,190.5116
2.8262,0.0000,0.0000,0.0000,2.8260,0.0001,200,193.2842
2.8026,0.0000,0.0000,0.0000,2.8024,0.0001,200,196.1103
2.7847,0.0000,0.0000,0.0000,2.7846,0.0001,200,198.9129
2.7519,0.0000,0.0000,0.0000,2.7517,0.0001,200,201.6976
2.8564,0.0000,0.0000,0.0000,2.8563,0.0001,200,204.4495
2.8305,0.0000,0.0000,0.0001,2.8304,0.0001,200,207.3059
2.8019,0.0000,0.0000,0.0000,2.8017,0.0001,200,210.1364
2.8102,0.0000,0.0000,0.0000,2.8101,0.0001,200,212.9383
2.7411,0.0000,0.0000,0.0000,2.7409,0.0001,200,215.7485
2.7252,0.0000,0.0000,0.0000,2.7250,0.0001,200,218.4896
2.8697,0.0000,0.0000,0.0000,2.8695,0.0001,200,221.2148
2.8104,0.0000,0.0000,0.0000,2.8102,0.0001,200,224.0845
2.7298,0.0000,0.0000,0.0000,2.7296,0.0001,200,226.8948
2.7559,0.0000,0.0000,0.0000,2.7557,0.0001,200,229.6246
2.8166,0.0000,0.0000,0.0000,2.8165,0.0001,200,232.3805
2.7865,0.0000,0.0000,0.0000,2.7863,0.0001,200,235.1971
2.7290,0.0000,0.0000,0.0000,2.7289,0.0001,200,237.9835
2.7525,0.0000,0.0000,0.0001,2.7522,0.0001,200,240.7127
2.8103,0.0000,0.0000,0.0000,2.8101,0.0002,200,243.4652
2.7686,0.0000,0.0000,0.0000,2.7684,0.0001,200,246.2756
2.7580,0.0000,0.0000,0.0000,2.7579,0.0001,200,249.0442
2.7753,0.0000,0.0000,0.0000,2.7752,0.0001,200,251.8021
2.7813,0.0000,0.0000,0.0000,2.7811,0.0001,200,254.5775
2.7729,0.0000,0.0000,0.0000,2.7728,0.0001,200,257.3588
2.8370,0.0000,0.0000,0.0000,2.8369,0.0001,200,260.1317
2.7765,0.0000,0.0000,0.0000,2.7764,0.0001,200,262.9687
2.8118,0.0000,0.0000,0.0000,2.8116,0.0001,200,265.7453
2.7874,0.0000,0.0000,0.0000,2.7872,0.0001,200,268.5570
2.8102,0.0000,0.0000,0.0000,2.8101,0.0001,200,271.3444
2.8561,0.0000,0.0000,0.0001,2.8559,0.0001,200,274.1547
2.7021,0.0000,0.0000,0.0000,2.7018,0.0001,200,277.0108
2.9258,0.0344,0.0012,0.0000,2.8913,0.0001,200,279.7129
2.8254,0.0000,0.0000,0.0000,2.8252,0.0001,200,282.6387
2.8211,0.0000,0.0000,0.0000,2.8209,0.0001,200,285.4640
2.8256,0.0000,0.0000,0.0000,2.8255,0.0001,200,288.2851
2.8455,0.0000,0.0000,0.0000,2.8453,0.0001,200,291.1107
2.8120,0.0000,0.0000,0.0000,2.8118,0.0001,200,293.9562
2.7537,0.0000,0.0000,0.0000,2.7536,0.0001,200,296.7682
2.7513,0.0000,0.0000,0.0000,2.7512,0.0001,200,299.5219
