response-time,DNS+dialup,DNS,Request-write,Response-delay,Response-read,status-code,offset
1.9971,0.0280,0.0011,0.0001,1.9684,0.0002,200,0.0034
1.8969,0.0000,0.0000,0.0001,1.8967,0.0002,200,2.0005
1.9290,0.0000,0.0000,0.0000,1.9288,0.0001,200,3.8974
1.8744,0.0000,0.0000,0.0001,1.8741,0.0002,200,5.8264
1.8960,0.0000,0.0000,0.0000,1.8958,0.0001,200,7.7007
1.8857,0.0000,0.0000,0.0000,1.8856,0.0001,200,9.5967
1.8981,0.0000,0.0000,0.0000,1.8980,0.0001,200,11.4824
1.8846,0.0000,0.0000,0.0000,1.8845,0.0001,200,13.3806
1.8968,0.0000,0.0000,0.0000,1.8967,0.0001,200,15.2652
1.8806,0.0000,0.0000,0.0000,1.8805,0.0001,200,17.1620
1.8665,0.0000,0.0000,0.0000,1.8664,0.0001,200,19.0426
1.9109,0.0000,0.0000,0.0000,1.9108,0.0001,200,20.9092
1.9028,0.0000,0.0000,0.0000,1.9027,0.0001,200,22.8201
1.8480,0.0000,0.0000,0.0001,1.8478,0.0001,200,24.7229
1.8863,0.0000,0.0000,0.0000,1.8861,0.0001,200,26.5709
1.8916,0.0000,0.0000,0.0000,1.8915,0.0001,200,28.4571
1.8575,0.0000,0.0000,0.0000,1.8573,0.0001,200,30.3487
1.8799,0.0000,0.0000,0.0000,1.8798,0.0001,200,32.2062
1.8748,0.0000,0.0000,0.0000,1.8747,0.0001,200,34.0862
1.8876,0.0000,0.0000,0.0000,1.8874,0.0001,200,35.9610
1.8926,0.0000,0.0000,0.0000,1.8925,0.0001,200,37.8486
1.9408,0.0000,0.0000,0.0000,1.9406,0.0001,200,39.7412
1.8865,0.0000,0.0000,0.0000,1.8864,0.0001,200,41.6820
1.9136,0.0000,0.0000,0.0000,1.9134,0.0001,200,43.5685
1.8963,0.0000,0.0000,0.0000,1.8962,0.0001,200,45.4821
1.9069,0.0000,0.0000,0.0000,1.9067,0.0001,200,47.3784
1.8695,0.0000,0.0000,0.0000,1.8693,0.0001,200,49.2853
1.8980,0.0000,0.0000,0.0000,1.8978,0.0001,200,51.1548
1.9096,0.0000,0.0000,0.0000,1.9095,0.0001,200,53.0527
1.8573,0.0000,0.0000,0.0000,1.8571,0.0001,200,54.9623
1.8804,0.0000,0.0000,0.0000,1.8803,0.0001,200,56.8197
1.8737,0.0000,0.0000,0.0000,1.8736,0.0001,200,58.7001
1.9044,0.0000,0.0000,0.0000,1.9042,0.0001,200,60.5738
1.8870,0.0000,0.0000,0.0001,1.8868,0.0001,200,62.4781
1.8878,0.0000,0.0000,0.0000,1.8876,0.0001,200,64.3651
1.8872,0.0000,0.0000,0.0000,1.8870,0.0001,200,66.2529
1.8984,0.0000,0.0000,0.0000,1.8983,0.0001,200,68.1400
1.9104,0.0000,0.0000,0.0000,1.9102,0.0001,200,70.0384
1.9041,0.0000,0.0000,0.0000,1.9039,0.0001,200,71.9488
1.8987,0.0000,0.0000,0.0000,1.8986,0.0001,200,73.8529
1.8908,0.0000,0.0000,0.0000,1.8907,0.0001,200,75.7516
1.8596,0.0000,0.0000,0.0000,1.8595,0.0001,200,77.6424
1.8972,0.0000,0.0000,0.0000,1.8971,0.0001,200,79.5020
1.8940,0.0000,0.0000,0.0000,1.8939,0.0001,200,81.3992
1.8910,0.0000,0.0000,0.0000,1.8908,0.0001,200,83.2932
1.9494,0.0000,0.0000,0.0000,1.9493,0.0001,200,85.1842
1.9286,0.0000,0.0000,0.0000,1.9284,0.0001,200,87.1336
1.9028,0.0000,0.0000,0.0000,1.9027,0.0001,200,89.0622
1.9397,0.0000,0.0000,0.0000,1.9395,0.0001,200,90.9650
1.8819,0.0000,0.0000,0.0000,1.8818,0.0001,200,92.9047
1.8910,0.0000,0.0000,0.0000,1.8909,0.0001,200,94.7866
1.9134,0.0000,0.0000,0.0000,1.9132,0.0001,200,96.6776
1.8884,0.0000,0.0000,0.0000,1.8882,0.0001,200,98.5910
1.8954,0.0000,0.0000,0.0000,1.8953,0.0001,200,100.4794
1.9263,0.0000,0.0000,0.0000,1.9261,0.0001,200,102.3748
1.8888,0.0000,0.0000,0.0000,1.8886,0.0001,200,104.3011
1.9738,0.0000,0.0000,0.0000,1.9736,0.0001,200,106.1899
1.8813,0.0000,0.0000,0.0000,1.8811,0.0001,200,108.1637
1.8986,0.0000,0.0000,0.0000,1.8985,0.0001,200,110.0450
1.9427,0.0000,0.0000,0.0000,1.9425,0.0001,200,111.9436
1.9101,0.0000,0.0000,0.0000,1.9100,0.0001,200,113.8863
1.9080,0.0000,0.0000,0.0000,1.9078,0.0001,200,115.7964
1.9023,0.0000,0.0000,0.0000,1.9021,0.0001,200,117.7044
1.8959,0.0000,0.0000,0.0000,1.8957,0.0001,200,119.6067
1.9639,0.0000,0.0000,0.0003,1.9629,0.0001,200,121.5026
1.9068,0.0000,0.0000,0.0000,1.9066,0.0001,200,123.4665
1.8832,0.0000,0.0000,0.0000,1.8831,0.0001,200,125.3733
1.9259,0.0000,0.0000,0.0000,1.9257,0.0001,200,127.2566
1.8865,0.0000,0.0000,0.0000,1.8864,0.0001,200,129.1824
1.9361,0.0000,0.0000,0.0000,1.9360,0.0001,200,131.0690
1.9158,0.0000,0.0000,0.0000,1.9156,0.0001,200,133.0051
1.8749,0.0000,0.0000,0.0000,1.8748,0.0001,200,134.9209
1.9136,0.0000,0.0000,0.0000,1.9135,0.0001,200,136.7958
1.9257,0.0000,0.0000,0.0000,1.9255,0.0001,200,138.7094
1.9079,0.0000,0.0000,0.0000,1.9078,0.0001,200,140.6351
2.0533,0.0000,0.0000,0.0000,2.0531,0.0001,200,142.5430
1.9090,0.0000,0.0000,0.0000,1.9089,0.0001,200,144.5963
1.9492,0.0000,0.0000,0.0000,1.9491,0.0001,200,146.5053
1.9343,0.0000,0.0000,0.0000,1.9341,0.0001,200,148.4546
1.9121,0.0000,0.0000,0.0000,1.9120,0.0001,200,150.3888
1.9320,0.0000,0.0000,0.0000,1.9318,0.0001,200,152.3010
1.8917,0.0000,0.0000,0.0000,1.8915,0.0001,200,154.2329
1.8719,0.0000,0.0000,0.0000,1.8718,0.0001,200,156.1246
1.9302,0.0000,0.0000,0.0000,1.9301,0.0001,200,157.9965
1.9260,0.0000,0.0000,0.0000,1.9259,0.0001,200,159.9267
1.9611,0.0000,0.0000,0.0000,1.9610,0.0001,200,161.8527
1.8948,0.0000,0.0000,0.0000,1.8947,0.0001,200,163.8138
1.9077,0.0000,0.0000,0.0000,1.9076,0.0001,200,165.7087
1.9284,0.0000,0.0000,0.0000,1.9282,0.0001,200,167.6163
1.8604,0.0000,0.0000,0.0000,1.8603,0.0001,200,169.5447
1.9580,0.0000,0.0000,0.0000,1.9572,0.0007,200,171.4051
1.9559,0.0000,0.0000,0.0000,1.9557,0.0001,200,173.3631
1.9104,0.0000,0.0000,0.0000,1.9103,0.0001,200,175.3190
1.9106,0.0000,0.0000,0.0000,1.9104,0.0001,200,177.2294
1.9057,0.0000,0.0000,0.0000,1.9055,0.0001,200,179.1400
1.9112,0.0000,0.0000,0.0000,1.9111,0.0001,200,181.0457
1.9314,0.0000,0.0000,0.0000,1.9313,0.0001,200,182.9569
1.9314,0.0000,0.0000,0.0000,1.9313,0.0001,200,184.8883
1.9203,0.0000,0.0000,0.0000,1.9202,0.0001,200,186.8197
1.9030,0.0000,0.0000,0.0000,1.9028,0.0001,200,188.7401
1.9676,0.0269,0.0010,0.0000,1.9405,0.0001,200,190.6431
1.9429,0.0000,0.0000,0.0000,1.9427,0.0001,200,192.6106
1.9158,0.0000,0.0000,0.0000,1.9156,0.0001,200,194.5535
1.9174,0.0000,0.0000,0.0000,1.9172,0.0001,200,196.4693
1.9582,0.0000,0.0000,0.0000,1.9580,0.0001,200,198.3867
1.8931,0.0000,0.0000,0.0000,1.8929,0.0001,200,200.3449
1.9349,0.0000,0.0000,0.0000,1.9348,0.0001,200,202.2379
1.9192,0.0000,0.0000,0.0000,1.9190,0.0001,200,204.1729
1.9860,0.0000,0.0000,0.0000,1.9859,0.0001,200,206.0921
1.8963,0.0000,0.0000,0.0000,1.8961,0.0001,200,208.0781
1.9252,0.0000,0.0000,0.0000,1.9251,0.0001,200,209.9744
1.9238,0.0000,0.0000,0.0000,1.9236,0.0001,200,211.8996
1.8887,0.0000,0.0000,0.0000,1.8886,0.0001,200,213.8234
1.9496,0.0000,0.0000,0.0000,1.9494,0.0001,200,215.7121
1.9382,0.0000,0.0000,0.0000,1.9380,0.0001,200,217.6617
1.9381,0.0000,0.0000,0.0000,1.9380,0.0001,200,219.5999
1.9527,0.0000,0.0000,0.0000,1.9526,0.0001,200,221.5380
1.9067,0.0000,0.0000,0.0000,1.9066,0.0001,200,223.4907
1.9222,0.0000,0.0000,0.0000,1.9220,0.0001,200,225.3974
1.9280,0.0000,0.0000,0.0000,1.9278,0.0001,200,227.3196
1.8934,0.0000,0.0000,0.0000,1.8932,0.0001,200,229.2476
1.8916,0.0000,0.0000,0.0000,1.8915,0.0001,200,231.1410
1.8959,0.0000,0.0000,0.0000,1.8958,0.0001,200,233.0326
1.9460,0.0000,0.0000,0.0000,1.9459,0.0001,200,234.9285
1.8875,0.0000,0.0000,0.0000,1.8873,0.0001,200,236.8746
1.9112,0.0000,0.0000,0.0000,1.9111,0.0001,200,238.7621
1.9514,0.0000,0.0000,0.0000,1.9513,0.0001,200,240.6733
1.9111,0.0000,0.0000,0.0000,1.9109,0.0001,200,242.6248
1.9388,0.0000,0.0000,0.0000,1.9386,0.0001,200,244.5359
1.9128,0.0000,0.0000,0.0000,1.9127,0.0001,200,246.4746
1.9027,0.0000,0.0000,0.0000,1.9025,0.0002,200,248.3874
1.9259,0.0000,0.0000,0.0000,1.9257,0.0001,200,250.2902
1.8996,0.0000,0.0000,0.0000,1.8994,0.0001,200,252.2161
1.9188,0.0000,0.0000,0.0000,1.9186,0.0001,200,254.1156
1.8972,0.0000,0.0000,0.0000,1.8970,0.0001,200,256.0344
1.9265,0.0000,0.0000,0.0000,1.9263,0.0001,200,257.9316
1.9100,0.0000,0.0000,0.0000,1.9099,0.0001,200,259.8581
1.9649,0.0000,0.0000,0.0000,1.9647,0.0001,200,261.7681
1.9042,0.0000,0.0000,0.0000,1.9040,0.0001,200,263.7330
1.9693,0.0000,0.0000,0.0000,1.9691,0.0001,200,265.6371
1.8919,0.0000,0.0000,0.0000,1.8917,0.0001,200,267.6064
1.9363,0.0000,0.0000,0.0000,1.9362,0.0001,200,269.4983
1.9654,0.0000,0.0000,0.0000,1.9652,0.0001,200,271.4347
1.9052,0.0000,0.0000,0.0000,1.9050,0.0001,200,273.4000
1.9081,0.0000,0.0000,0.0000,1.9080,0.0001,200,275.3052
1.9186,0.0000,0.0000,0.0000,1.9185,0.0001,200,277.2134
1.9367,0.0000,0.0000,0.0000,1.9365,0.0001,200,279.1320
1.9242,0.0000,0.0000,0.0000,1.9241,0.0001,200,281.0687
1.9111,0.0000,0.0000,0.0000,1.9110,0.0001,200,282.9929
1.9605,0.0000,0.0000,0.0000,1.9603,0.0001,200,284.9040
1.9242,0.0000,0.0000,0.0000,1.9240,0.0001,200,286.8645
1.9326,0.0000,0.0000,0.0000,1.9324,0.0001,200,288.7886
1.9162,0.0000,0.0000,0.0000,1.9161,0.0001,200,290.7212
1.9052,0.0000,0.0000,0.0000,1.9050,0.0001,200,292.6375
1.9048,0.0000,0.0000,0.0000,1.9047,0.0001,200,294.5427
1.9318,0.0000,0.0000,0.0000,1.9317,0.0001,200,296.4475
1.9011,0.0000,0.0000,0.0000,1.9010,0.0001,200,298.3793
