response-time,DNS+dialup,DNS,Request-write,Response-delay,Response-read,status-code,offset
1.2280,0.0298,0.0016,0.0001,1.1977,0.0001,200,0.0075
1.2093,0.0000,0.0000,0.0000,1.2090,0.0002,200,1.2354
1.1480,0.0000,0.0000,0.0000,1.1479,0.0001,200,2.4447
1.1912,0.0000,0.0000,0.0000,1.1910,0.0001,200,3.5927
1.2084,0.0000,0.0000,0.0000,1.2081,0.0002,200,4.7839
1.1645,0.0000,0.0000,0.0001,1.1642,0.0001,200,5.9923
1.2379,0.0000,0.0000,0.0001,1.2378,0.0001,200,7.1568
1.2226,0.0000,0.0000,0.0000,1.2225,0.0001,200,8.3947
1.1663,0.0000,0.0000,0.0000,1.1661,0.0002,200,9.6173
1.2190,0.0000,0.0000,0.0000,1.2188,0.0001,200,10.7836
1.1860,0.0000,0.0000,0.0001,1.1858,0.0001,200,12.0026
1.2271,0.0000,0.0000,0.0000,1.2269,0.0001,200,13.1886
1.2678,0.0000,0.0000,0.0000,1.2676,0.0002,200,14.4156
1.1546,0.0000,0.0000,0.0000,1.1545,0.0001,200,15.6835
1.1800,0.0000,0.0000,0.0000,1.1799,0.0001,200,16.8381
1.2155,0.0000,0.0000,0.0000,1.2153,0.0001,200,18.0180
1.3058,0.0000,0.0000,0.0000,1.3056,0.0001,200,19.2335
1.1873,0.0000,0.0000,0.0001,1.1871,0.0001,200,20.5393
1.2925,0.0000,0.0000,0.0000,1.2923,0.0001,200,21.7267
1.1200,0.0000,0.0000,0.0001,1.1198,0.0001,200,23.0191
1.2592,0.0000,0.0000,0.0000,1.2590,0.0001,200,24.1391
1.1654,0.0000,0.0000,0.0001,1.1652,0.0001,200,25.3983
1.1416,0.0000,0.0000,0.0000,1.1414,0.0001,200,26.5638
1.2120,0.0000,0.0000,0.0000,1.2119,0.0001,200,27.7053
1.2801,0.0000,0.0000,0.0000,1.2799,0.0001,200,28.9174
1.2091,0.0000,0.0000,0.0000,1.2090,0.0001,200,30.1974
1.3868,0.0000,0.0000,0.0000,1.3867,0.0001,200,31.4066
1.2366,0.0000,0.0000,0.0000,1.2365,0.0001,200,32.7934
1.2824,0.0000,0.0000,0.0000,1.2823,0.0001,200,34.0299
1.1879,0.0000,0.0000,0.0001,1.1877,0.0001,200,35.3124
1.1562,0.0000,0.0000,0.0000,1.1561,0.0001,200,36.5003
1.1951,0.0000,0.0000,0.0000,1.1949,0.0001,200,37.6565
1.2982,0.0000,0.0000,0.0000,1.2981,0.0001,200,38.8516
1.2472,0.0000,0.0000,0.0000,1.2471,0.0001,200,40.1498
1.1909,0.0000,0.0000,0.0000,1.1907,0.0001,200,41.3970
1.2402,0.0000,0.0000,0.0000,1.2400,0.0001,200,42.5879
1.1716,0.0000,0.0000,0.0000,1.1715,0.0001,200,43.8281
1.2130,0.0000,0.0000,0.0000,1.2129,0.0001,200,44.9997
1.1887,0.0000,0.0000,0.0000,1.1885,0.0001,200,46.2127
1.1569,0.0000,0.0000,0.0000,1.1568,0.0001,200,47.4014
1.2426,0.0000,0.0000,0.0000,1.2424,0.0001,200,48.5583
1.2057,0.0000,0.0000,0.0000,1.2056,0.0001,200,49.8009
1.1840,0.0000,0.0000,0.0000,1.1839,0.0001,200,51.0066
1.2707,0.0000,0.0000,0.0000,1.2706,0.0001,200,52.1906
1.2058,0.0000,0.0000,0.0000,1.2057,0.0001,200,53.4614
1.4335,0.0000,0.0000,0.0000,1.4333,0.0001,200,54.6672
1.1996,0.0000,0.0000,0.0000,1.1995,0.0001,200,56.1007
1.1626,0.0000,0.0000,0.0000,1.1624,0.0001,200,57.3003
1.2318,0.0000,0.0000,0.0000,1.2316,0.0001,200,58.4629
1.2309,0.0000,0.0000,0.0001,1.2307,0.0001,200,59.6947
1.1849,0.0000,0.0000,0.0000,1.1847,0.0001,200,60.9257
1.2223,0.0000,0.0000,0.0000,1.2221,0.0001,200,62.1106
1.2370,0.0000,0.0000,0.0000,1.2369,0.0001,200,63.3329
1.1682,0.0000,0.0000,0.0000,1.1681,0.0001,200,64.5699
1.2630,0.0000,0.0000,0.0000,1.2629,0.0001,200,65.7381
1.2525,0.0000,0.0000,0.0000,1.2524,0.0001,200,67.0011
1.1815,0.0000,0.0000,0.0000,1.1813,0.0001,200,68.2536
1.2301,0.0000,0.0000,0.0001,1.2299,0.0001,200,69.4351
1.3629,0.0000,0.0000,0.0000,1.3627,0.0001,200,70.6652
1.2236,0.0000,0.0000,0.0000,1.2234,0.0001,200,72.0281
1.4389,0.0000,0.0000,0.0000,1.4387,0.0001,200,73.2517
1.2729,0.0000,0.0000,0.0000,1.2728,0.0001,200,74.6905
1.3685,0.0000,0.0000,0.0000,1.3684,0.0001,200,75.9635
1.3467,0.0000,0.0000,0.0000,1.3466,0.0001,200,77.3320
1.3716,0.0000,0.0000,0.0000,1.3715,0.0001,200,78.6787
1.3088,0.0000,0.0000,0.0000,1.3086,0.0001,200,80.0504
1.8619,0.0000,0.0000,0.0000,1.8618,0.0001,200,81.3591
1.3096,0.0000,0.0000,0.0000,1.3095,0.0001,200,83.2211
1.2088,0.0000,0.0000,0.0001,1.2086,0.0001,200,84.5307
1.4252,0.0000,0.0000,0.0000,1.4250,0.0001,200,85.7395
1.1944,0.0000,0.0000,0.0000,1.1942,0.0001,200,87.1647
1.2750,0.0000,0.0000,0.0000,1.2749,0.0001,200,88.3591
1.3092,0.0000,0.0000,0.0000,1.3090,0.0001,200,89.6341
1.3439,0.0000,0.0000,0.0000,1.3438,0.0001,200,90.9433
1.4473,0.0000,0.0000,0.0000,1.4471,0.0001,200,92.2872
1.2881,0.0000,0.0000,0.0000,1.2880,0.0001,200,93.7345
1.2170,0.0000,0.0000,0.0000,1.2169,0.0001,200,95.0226
1.3922,0.0000,0.0000,0.0000,1.3920,0.0001,200,96.2396
1.2696,0.0000,0.0000,0.0000,1.2695,0.0001,200,97.6318
1.2287,0.0000,0.0000,0.0000,1.2285,0.0001,200,98.9014
1.5534,0.0000,0.0000,0.0000,1.5533,0.0001,200,100.1300
1.2734,0.0000,0.0000,0.0000,1.2732,0.0001,200,101.6834
1.3484,0.0000,0.0000,0.0000,1.3482,0.0001,200,102.9568
1.3451,0.0000,0.0000,0.0000,1.3449,0.0001,200,104.3052
1.2922,0.0000,0.0000,0.0000,1.2921,0.0001,200,105.6503
1.3228,0.0000,0.0000,0.0000,1.3226,0.0001,200,106.9425
1.2717,0.0000,0.0000,0.0000,1.2715,0.0001,200,108.2652
1.2362,0.0000,0.0000,0.0000,1.2361,0.0001,200,109.5370
1.2984,0.0000,0.0000,0.0000,1.2982,0.0001,200,110.7732
1.2916,0.0000,0.0000,0.0000,1.2915,0.0001,200,112.0715
1.1884,0.0000,0.0000,0.0000,1.1883,0.0001,200,113.3631
1.2045,0.0000,0.0000,0.0001,1.2043,0.0001,200,114.5516
1.2801,0.0000,0.0000,0.0000,1.2799,0.0001,200,115.7561
1.1933,0.0000,0.0000,0.0000,1.1931,0.0002,200,117.0361
1.2391,0.0000,0.0000,0.0000,1.2389,0.0001,200,118.2295
1.2962,0.0000,0.0000,0.0000,1.2960,0.0001,200,119.4686
1.2908,0.0000,0.0000,0.0004,1.2898,0.0001,200,120.7648
1.2525,0.0000,0.0000,0.0000,1.2523,0.0001,200,122.0556
1.2225,0.0000,0.0000,0.0000,1.2222,0.0002,200,123.3081
1.2662,0.0000,0.0000,0.0000,1.2659,0.0002,200,124.5305
1.2651,0.0377,0.0011,0.0000,1.2273,0.0001,200,125.7968
1.1695,0.0000,0.0000,0.0000,1.1694,0.0001,200,127.0619
1.2928,0.0000,0.0000,0.0000,1.2926,0.0001,200,128.2314
1.3430,0.0000,0.0000,0.0000,1.3428,0.0001,200,129.5242
1.3149,0.0000,0.0000,0.0000,1.3147,0.0001,200,130.8672
1.3270,0.0000,0.0000,0.0000,1.3269,0.0001,200,132.1821
1.3216,0.0000,0.0000,0.0000,1.3214,0.0001,200,133.5091
1.4162,0.0000,0.0000,0.0000,1.4161,0.0001,200,134.8306
1.2788,0.0000,0.0000,0.0000,1.2786,0.0001,200,136.2469
1.4818,0.0000,0.0000,0.0000,1.4817,0.0001,200,137.5257
1.4421,0.0000,0.0000,0.0000,1.4420,0.0001,200,139.0075
1.3307,0.0000,0.0000,0.0000,1.3305,0.0001,200,140.4496
1.3246,0.0000,0.0000,0.0000,1.3245,0.0001,200,141.7803
1.4584,0.0000,0.0000,0.0000,1.4583,0.0001,200,143.1049
1.2701,0.0000,0.0000,0.0000,1.2699,0.0001,200,144.5633
1.2403,0.0000,0.0000,0.0000,1.2402,0.0001,200,145.8334
1.2799,0.0000,0.0000,0.0000,1.2797,0.0001,200,147.0737
1.5508,0.0000,0.0000,0.0000,1.5507,0.0001,200,148.3536
1.3210,0.0000,0.0000,0.0000,1.3209,0.0001,200,149.9044
1.2177,0.0000,0.0000,0.0000,1.2175,0.0001,200,151.2255
1.2796,0.0000,0.0000,0.0000,1.2794,0.0001,200,152.4431
1.2874,0.0000,0.0000,0.0000,1.2872,0.0001,200,153.7227
1.2151,0.0000,0.0000,0.0000,1.2149,0.0001,200,155.0100
1.2420,0.0000,0.0000,0.0000,1.2418,0.0001,200,156.2251
1.3901,0.0000,0.0000,0.0000,1.3900,0.0001,200,157.4671
1.2515,0.0000,0.0000,0.0000,1.2514,0.0001,200,158.8572
1.2912,0.0000,0.0000,0.0000,1.2910,0.0001,200,160.1087
1.2053,0.0000,0.0000,0.0000,1.2051,0.0001,200,161.3999
1.3716,0.0000,0.0000,0.0000,1.3715,0.0001,200,162.6052
1.4126,0.0000,0.0000,0.0000,1.4124,0.0001,200,163.9768
1.2125,0.0000,0.0000,0.0000,1.2123,0.0001,200,165.3893
1.3602,0.0000,0.0000,0.0000,1.3601,0.0001,200,166.6018
1.2916,0.0000,0.0000,0.0000,1.2914,0.0001,200,167.9620
1.2710,0.0000,0.0000,0.0000,1.2708,0.0001,200,169.2536
1.9489,0.0000,0.0000,0.0000,1.9488,0.0001,200,170.5246
1.2875,0.0000,0.0000,0.0000,1.2874,0.0001,200,172.4735
1.4021,0.0000,0.0000,0.0000,1.4020,0.0001,200,173.7610
1.3080,0.0000,0.0000,0.0000,1.3079,0.0001,200,175.1632
1.3628,0.0000,0.0000,0.0000,1.3627,0.0001,200,176.4712
1.3074,0.0000,0.0000,0.0000,1.3073,0.0001,200,177.8341
1.3049,0.0000,0.0000,0.0000,1.3048,0.0001,200,179.1415
1.5349,0.0000,0.0000,0.0001,1.5348,0.0001,200,180.4464
1.2838,0.0000,0.0000,0.0000,1.2836,0.0001,200,181.9813
1.2806,0.0000,0.0000,0.0000,1.2805,0.0001,200,183.2651
1.2845,0.0000,0.0000,0.0000,1.2843,0.0001,200,184.5457
1.2328,0.0000,0.0000,0.0000,1.2327,0.0001,200,185.8302
1.2853,0.0000,0.0000,0.0000,1.2852,0.0001,200,187.0631
1.2741,0.0000,0.0000,0.0000,1.2740,0.0001,200,188.3484
1.3164,0.0000,0.0000,0.0000,1.3162,0.0001,200,189.6225
1.4730,0.0000,0.0000,0.0000,1.4728,0.0001,200,190.9389
1.3051,0.0000,0.0000,0.0000,1.3050,0.0001,200,192.4119
1.5185,0.0000,0.0000,0.0000,1.5183,0.0001,200,193.7170
1.2291,0.0000,0.0000,0.0000,1.2289,0.0001,200,195.2355
1.2528,0.0000,0.0000,0.0000,1.2527,0.0001,200,196.4647
1.3155,0.0000,0.0000,0.0000,1.3154,0.0001,200,197.7175
1.3444,0.0000,0.0000,0.0000,1.3443,0.0001,200,199.0330
1.4174,0.0000,0.0000,0.0000,1.4172,0.0001,200,200.3774
1.2900,0.0000,0.0000,0.0000,1.2898,0.0001,200,201.7948
1.6647,0.0000,0.0000,0.0001,1.6644,0.0001,200,203.0848
1.2670,0.0000,0.0000,0.0000,1.2668,0.0001,200,204.7494
1.2491,0.0000,0.0000,0.0000,1.2489,0.0001,200,206.0164
1.2880,0.0000,0.0000,0.0000,1.2879,0.0001,200,207.2655
1.2413,0.0000,0.0000,0.0001,1.2411,0.0001,200,208.5535
1.4167,0.0000,0.0000,0.0000,1.4165,0.0001,200,209.7948
1.2783,0.0000,0.0000,0.0000,1.2781,0.0001,200,211.2115
1.2483,0.0000,0.0000,0.0000,1.2482,0.0001,200,212.4897
1.3162,0.0000,0.0000,0.0000,1.3160,0.0001,200,213.7381
1.1987,0.0000,0.0000,0.0000,1.1985,0.0001,200,215.0542
1.2633,0.0000,0.0000,0.0000,1.2632,0.0001,200,216.2529
1.2905,0.0000,0.0000,0.0000,1.2904,0.0001,200,217.5163
1.2080,0.0000,0.0000,0.0000,1.2079,0.0001,200,218.8068
1.2280,0.0000,0.0000,0.0000,1.2279,0.0001,200,220.0149
1.3033,0.0000,0.0000,0.0000,1.3031,0.0001,200,221.2429
1.3371,0.0000,0.0000,0.0000,1.3370,0.0001,200,222.5462
1.2400,0.0000,0.0000,0.0000,1.2399,0.0001,200,223.8833
1.3088,0.0000,0.0000,0.0000,1.3087,0.0001,200,225.1233
1.2694,0.0000,0.0000,0.0000,1.2693,0.0001,200,226.4322
1.2489,0.0000,0.0000,0.0000,1.2487,0.0001,200,227.7016
1.3239,0.0000,0.0000,0.0000,1.3237,0.0001,200,228.9505
1.2471,0.0000,0.0000,0.0000,1.2469,0.0001,200,230.2744
1.4532,0.0000,0.0000,0.0000,1.4530,0.0001,200,231.5215
1.6545,0.0000,0.0000,0.0000,1.6544,0.0001,200,232.9747
1.4098,0.0000,0.0000,0.0000,1.4096,0.0001,200,234.6292
1.3462,0.0000,0.0000,0.0000,1.3460,0.0001,200,236.0390
1.6623,0.0000,0.0000,0.0000,1.6622,0.0001,200,237.3851
1.2880,0.0000,0.0000,0.0000,1.2879,0.0001,200,239.0475
1.3767,0.0000,0.0000,0.0000,1.3766,0.0001,200,240.3355
1.3456,0.0000,0.0000,0.0001,1.3449,0.0001,200,241.7123
1.3694,0.0000,0.0000,0.0000,1.3692,0.0001,200,243.0579
1.2886,0.0000,0.0000,0.0000,1.2884,0.0001,200,244.4273
1.6881,0.0000,0.0000,0.0000,1.6880,0.0001,200,245.7159
1.4095,0.0000,0.0000,0.0000,1.4093,0.0001,200,247.4040
1.6056,0.0000,0.0000,0.0000,1.6055,0.0001,200,248.8135
1.5501,0.0000,0.0000,0.0000,1.5499,0.0001,200,250.4191
1.3653,0.0000,0.0000,0.0000,1.3651,0.0001,200,251.9692
1.3359,0.0000,0.0000,0.0000,1.3357,0.0001,200,253.3345
1.4471,0.0000,0.0000,0.0000,1.4469,0.0001,200,254.6703
1.4149,0.0000,0.0000,0.0000,1.4148,0.0001,200,256.1174
1.5046,0.0000,0.0000,0.0000,1.5044,0.0001,200,257.5324
1.2713,0.0000,0.0000,0.0000,1.2711,0.0002,200,259.0370
1.5438,0.0338,0.0013,0.0001,1.5098,0.0001,200,260.3082
1.7922,0.0000,0.0000,0.0000,1.7921,0.0001,200,261.8520
1.3988,0.0000,0.0000,0.0000,1.3987,0.0001,200,263.6443
1.6689,0.0000,0.0000,0.0000,1.6687,0.0001,200,265.0431
1.4199,0.0000,0.0000,0.0000,1.4198,0.0001,200,266.7120
1.5188,0.0000,0.0000,0.0000,1.5187,0.0001,200,268.1319
1.3801,0.0000,0.0000,0.0000,1.3800,0.0001,200,269.6507
1.3325,0.0000,0.0000,0.0000,1.3323,0.0002,200,271.0309
1.5283,0.0000,0.0000,0.0000,1.5282,0.0001,200,272.3634
1.4753,0.0000,0.0000,0.0000,1.4751,0.0001,200,273.8917
1.6322,0.0000,0.0000,0.0000,1.6319,0.0002,200,275.3670
1.3565,0.0000,0.0000,0.0000,1.3563,0.0001,200,276.9992
1.4315,0.0000,0.0000,0.0000,1.4313,0.0001,200,278.3557
1.4939,0.0000,0.0000,0.0000,1.4937,0.0001,200,279.7872
1.3819,0.0000,0.0000,0.0000,1.3818,0.0001,200,281.2810
1.3330,0.0000,0.0000,0.0000,1.3328,0.0001,200,282.6629
1.2955,0.0000,0.0000,0.0000,1.2953,0.0001,200,283.9959
1.3042,0.0000,0.0000,0.0000,1.3041,0.0001,200,285.2914
1.3008,0.0000,0.0000,0.0000,1.3006,0.0001,200,286.5956
1.3042,0.0000,0.0000,0.0000,1.3041,0.0001,200,287.8963
1.4422,0.0000,0.0000,0.0000,1.4420,0.0001,200,289.2005
1.3471,0.0000,0.0000,0.0000,1.3470,0.0001,200,290.6427
1.4325,0.0000,0.0000,0.0000,1.4323,0.0001,200,291.9899
1.8445,0.0000,0.0000,0.0000,1.8443,0.0001,200,293.4224
1.2811,0.0000,0.0000,0.0000,1.2809,0.0001,200,295.2669
1.3642,0.0000,0.0000,0.0000,1.3640,0.0001,200,296.5480
1.3316,0.0000,0.0000,0.0000,1.3314,0.0001,200,297.9121
1.4172,0.0000,0.0000,0.0000,1.4171,0.0001,200,299.2438
