response-time,DNS+dialup,DNS,Request-write,Response-delay,Response-read,status-code,offset
3.0096,0.0293,0.0016,0.0001,2.9796,0.0002,200,0.0066
2.9025,0.0000,0.0000,0.0001,2.9022,0.0002,200,3.0162
3.0603,0.0000,0.0000,0.0001,3.0599,0.0003,200,5.9187
2.9165,0.0000,0.0000,0.0001,2.9162,0.0001,200,8.9790
2.9574,0.0000,0.0000,0.0000,2.9573,0.0001,200,11.8955
2.9546,0.0000,0.0000,0.0000,2.9544,0.0001,200,14.8529
2.8379,0.0000,0.0000,0.0000,2.8378,0.0001,200,17.8075
2.9991,0.0000,0.0000,0.0001,2.9989,0.0001,200,20.6454
2.9205,0.0000,0.0000,0.0000,2.9203,0.0001,200,23.6444
2.8782,0.0000,0.0000,0.0000,2.8781,0.0001,200,26.5649
2.9358,0.0000,0.0000,0.0000,2.9357,0.0001,200,29.4431
3.0118,0.0000,0.0000,0.0000,3.0116,0.0001,200,32.3790
2.8674,0.0000,0.0000,0.0000,2.8672,0.0001,200,35.3908
2.8862,0.0000,0.0000,0.0000,2.8860,0.0001,200,38.2582
2.9736,0.0000,0.0000,0.0000,2.9735,0.0001,200,41.1444
2.8968,0.0000,0.0000,0.0000,2.8967,0.0001,200,44.1180
2.9442,0.0000,0.0000,0.0000,2.9441,0.0001,200,47.0148
2.9235,0.0000,0.0000,0.0000,2.9234,0.0001,200,49.9591
2.8651,0.0000,0.0000,0.0000,2.8649,0.0001,200,52.8826
2.8932,0.0000,0.0000,0.0000,2.8930,0.0001,200,55.7476
2.9987,0.0000,0.0000,0.0000,2.9986,0.0001,200,58.6408
2.9609,0.0000,0.0000,0.0000,2.9607,0.0001,200,61.6395
3.0381,0.0000,0.0000,0.0000,3.0380,0.0001,200,64.6004
2.9683,0.0000,0.0000,0.0000,2.9682,0.0001,200,67.6386
2.9365,0.0000,0.0000,0.0000,2.9363,0.0001,200,70.6069
3.0375,0.0000,0.0000,0.0000,3.0374,0.0001,200,73.5434
3.0401,0.0000,0.0000,0.0000,3.0399,0.0001,200,76.5809
2.8370,0.0000,0.0000,0.0000,2.8369,0.0001,200,79.6210
2.8546,0.0000,0.0000,0.0001,2.8544,0.0001,200,82.4580
2.9655,0.0000,0.0000,0.0001,2.9654,0.0001,200,85.3126
3.0632,0.0000,0.0000,0.0000,3.0631,0.0001,200,88.2781
2.9384,0.0000,0.0000,0.0000,2.9382,0.0001,200,91.3414
3.0901,0.0000,0.0000,0.0000,3.0900,0.0001,200,94.2798
2.8561,0.0000,0.0000,0.0000,2.8559,0.0001,200,97.3699
2.9564,0.0000,0.0000,0.0000,2.9563,0.0001,200,100.2259
3.0411,0.0000,0.0000,0.0000,3.0409,0.0001,200,103.1824
2.9865,0.0000,0.0000,0.0001,2.9863,0.0001,200,106.2235
2.8944,0.0000,0.0000,0.0000,2.8943,0.0001,200,109.2099
3.0325,0.0000,0.0000,0.0000,3.0324,0.0001,200,112.1044
2.8971,0.0000,0.0000,0.0000,2.8969,0.0001,200,115.1369
2.8760,0.0000,0.0000,0.0000,2.8758,0.0001,200,118.0340
2.9515,0.0000,0.0000,0.0000,2.9514,0.0001,200,120.9099
2.9315,0.0000,0.0000,0.0000,2.9313,0.0001,200,123.8615
2.8684,0.0000,0.0000,0.0000,2.8682,0.0001,200,126.7929
2.9565,0.0000,0.0000,0.0000,2.9561,0.0004,200,129.6613
2.9172,0.0000,0.0000,0.0001,2.9169,0.0001,200,132.6178
2.8612,0.0000,0.0000,0.0000,2.8610,0.0001,200,135.5350
2.9109,0.0000,0.0000,0.0000,2.9108,0.0001,200,138.3961
3.0490,0.0000,0.0000,0.0000,3.0489,0.0001,200,141.3071
2.9185,0.0000,0.0000,0.0000,2.9183,0.0001,200,144.3561
2.9854,0.0000,0.0000,0.0000,2.9852,0.0001,200,147.2746
2.8262,0.0000,0.0000,0.0000,2.8261,0.0001,200,150.2600
2.8872,0.0000,0.0000,0.0000,2.8871,0.0001,200,153.0862
2.8993,0.0000,0.0000,0.0000,2.8991,0.0001,200,155.9734
3.0246,0.0000,0.0000,0.0000,3.0244,0.0001,200,158.8727
2.8988,0.0000,0.0000,0.0000,2.8986,0.0001,200,161.8973
2.8957,0.0000,0.0000,0.0000,2.8955,0.0001,200,164.7960
2.9677,0.0000,0.0000,0.0000,2.9676,0.0001,200,167.6917
2.8834,0.0000,0.0000,0.0000,2.8833,0.0001,200,170.6595
2.8565,0.0000,0.0000,0.0000,2.8563,0.0001,200,173.5429
2.9635,0.0000,0.0000,0.0000,2.9634,0.0001,200,176.3994
2.9588,0.0000,0.0000,0.0000,2.9587,0.0001,200,179.3629
2.9707,0.0000,0.0000,0.0000,2.9705,0.0001,200,182.3217
2.8958,0.0000,0.0000,0.0000,2.8956,0.0001,200,185.2924
2.9319,0.0000,0.0000,0.0000,2.9317,0.0001,200,188.1881
2.8966,0.0000,0.0000,0.0000,2.8965,0.0001,200,191.1200
3.1156,0.0000,0.0000,0.0000,3.1154,0.0001,200,194.0166
2.8693,0.0000,0.0000,0.0000,2.8692,0.0001,200,197.1322
2.9204,0.0000,0.0000,0.0000,2.9203,0.0001,200,200.0015
2.8840,0.0000,0.0000,0.0000,2.8839,0.0001,200,202.9219
2.8412,0.0000,0.0000,0.0001,2.8410,0.0001,200,205.8060
2.9512,0.0000,0.0000,0.0000,2.9511,0.0001,200,208.6472
2.9077,0.0000,0.0000,0.0000,2.9076,0.0001,200,211.5984
3.0931,0.0000,0.0000,0.0000,3.0929,0.0001,200,214.5061
2.9134,0.0000,0.0000,0.0000,2.9132,0.0001,200,217.5992
2.9354,0.0000,0.0000,0.0000,2.9352,0.0001,200,220.5126
2.8967,0.0000,0.0000,0.0000,2.8965,0.0001,200,223.4480
2.8718,0.0000,0.0000,0.0000,2.8717,0.0001,200,226.3446
2.9210,0.0000,0.0000,0.0001,2.9208,0.0001,200,229.2165
2.9521,0.0000,0.0000,0.0000,2.9519,0.0001,200,232.1374
2.8803,0.0000,0.0000,0.0000,2.8801,0.0001,200,235.0895
2.8766,0.0000,0.0000,0.0000,2.8765,0.0001,200,237.9698
2.9757,0.0000,0.0000,0.0000,2.9756,0.0001,200,240.8465
2.8882,0.0000,0.0000,0.0000,2.8880,0.0001,200,243.8222
2.8816,0.0000,0.0000,0.0000,2.8814,0.0001,200,246.7104
2.9312,0.0000,0.0000,0.0000,2.9309,0.0002,200,249.5920
2.9478,0.0000,0.0000,0.0001,2.9477,0.0001,200,252.5231
3.0332,0.0000,0.0000,0.0000,3.0331,0.0001,200,255.4710
2.9329,0.0000,0.0000,0.0000,2.9328,0.0001,200,258.5042
2.9395,0.0000,0.0000,0.0000,2.9393,0.0001,200,261.4371
2.8788,0.0000,0.0000,0.0000,2.8787,0.0001,200,264.3766
2.8787,0.0000,0.0000,0.0000,2.8786,0.0001,200,267.2554
2.8791,0.0000,0.0000,0.0000,2.8789,0.0001,200,270.1341
2.9509,0.0000,0.0000,0.0000,2.9508,0.0001,200,273.0132
2.8747,0.0000,0.0000,0.0000,2.8746,0.0001,200,275.9642
2.8430,0.0000,0.0000,0.0000,2.8428,0.0001,200,278.8389
2.8876,0.0000,0.0000,0.0000,2.8875,0.0001,200,281.6819
3.0182,0.0000,0.0000,0.0000,3.0181,0.0001,200,284.5695
2.9112,0.0000,0.0000,0.0000,2.9110,0.0001,200,287.5878
2.9631,0.0000,0.0000,0.0000,2.9629,0.0001,200,290.4989
2.9791,0.0284,0.0011,0.0001,2.9505,0.0001,200,293.4621
2.8762,0.0000,0.0000,0.0000,2.8760,0.0001,200,296.4412
2.9405,0.0000,0.0000,0.0000,2.9403,0.0001,200,299.3174
