response-time,DNS+dialup,DNS,Request-write,Response-delay,Response-read,status-code,offset
1.8759,0.0336,0.0012,0.0001,1.8416,0.0002,200,0.0150
1.8316,0.0000,0.0000,0.0001,1.8313,0.0001,200,1.8909
1.8316,0.0000,0.0000,0.0000,1.8314,0.0001,200,3.7225
1.8670,0.0000,0.0000,0.0000,1.8668,0.0001,200,5.5540
1.7685,0.0000,0.0000,0.0001,1.7683,0.0001,200,7.4210
1.8120,0.0000,0.0000,0.0000,1.8119,0.0001,200,9.1895
1.8282,0.0000,0.0000,0.0000,1.8280,0.0001,200,11.0016
1.7613,0.0000,0.0000,0.0000,1.7611,0.0001,200,12.8298
1.8313,0.0000,0.0000,0.0000,1.8311,0.0001,200,14.5910
1.8562,0.0000,0.0000,0.0000,1.8560,0.0001,200,16.4223
1.7545,0.0000,0.0000,0.0000,1.7544,0.0001,200,18.2785
1.8512,0.0000,0.0000,0.0000,1.8511,0.0001,200,20.0330
1.8578,0.0000,0.0000,0.0000,1.8577,0.0001,200,21.8842
1.7545,0.0000,0.0000,0.0000,1.7543,0.0001,200,23.7421
1.8176,0.0000,0.0000,0.0000,1.8175,0.0001,200,25.4966
1.8813,0.0000,0.0000,0.0000,1.8811,0.0001,200,27.3142
1.7480,0.0000,0.0000,0.0000,1.7479,0.0001,200,29.1955
1.8455,0.0000,0.0000,0.0000,1.8454,0.0001,200,30.9435
1.8426,0.0000,0.0000,0.0000,1.8424,0.0001,200,32.7891
1.7351,0.0000,0.0000,0.0000,1.7350,0.0001,200,34.6316
1.9150,0.0000,0.0000,0.0000,1.9149,0.0001,200,36.3667
1.8574,0.0000,0.0000,0.0000,1.8572,0.0001,200,38.2818
1.8250,0.0000,0.0000,0.0000,1.8249,0.0001,200,40.1392
1.8612,0.0000,0.0000,0.0000,1.8610,0.0001,200,41.9642
1.8644,0.0000,0.0000,0.0000,1.8642,0.0001,200,43.8254
1.7878,0.0000,0.0000,0.0000,1.7877,0.0001,200,45.6898
1.8480,0.0000,0.0000,0.0001,1.8477,0.0002,200,47.4776
1.8404,0.0000,0.0000,0.0000,1.8402,0.0001,200,49.3256
1.8317,0.0000,0.0000,0.0000,1.8316,0.0001,200,51.1660
1.8242,0.0000,0.0000,0.0000,1.8241,0.0001,200,52.9977
1.8591,0.0000,0.0000,0.0000,1.8590,0.0001,200,54.8219
1.7839,0.0000,0.0000,0.0000,1.7837,0.0001,200,56.6811
1.8116,0.0000,0.0000,0.0000,1.8115,0.0001,200,58.4649
1.8429,0.0000,0.0000,0.0000,1.8427,0.0001,200,60.2765
1.9335,0.0000,0.0000,0.0000,1.9334,0.0001,200,62.1194
1.8167,0.0000,0.0000,0.0000,1.8166,0.0001,200,64.0529
1.8720,0.0000,0.0000,0.0000,1.8719,0.0001,200,65.8697
1.7568,0.0000,0.0000,0.0000,1.7567,0.0001,200,67.7417
1.7984,0.0000,0.0000,0.0000,1.7982,0.0001,200,69.4985
1.8012,0.0000,0.0000,0.0000,1.8010,0.0001,200,71.2970
1.8428,0.0000,0.0000,0.0000,1.8426,0.0001,200,73.0982
1.7422,0.0000,0.0000,0.0000,1.7421,0.0001,200,74.9409
1.8107,0.0000,0.0000,0.0001,1.8105,0.0001,200,76.6832
1.8578,0.0000,0.0000,0.0000,1.8575,0.0001,200,78.4938
1.7952,0.0000,0.0000,0.0000,1.7951,0.0001,200,80.3516
1.9198,0.0000,0.0000,0.0000,1.9197,0.0001,200,82.1469
1.8543,0.0000,0.0000,0.0000,1.8542,0.0001,200,84.0667
1.7569,0.0000,0.0000,0.0000,1.7567,0.0001,200,85.9210
1.8505,0.0000,0.0000,0.0001,1.8503,0.0001,200,87.6779
1.8421,0.0000,0.0000,0.0000,1.8419,0.0001,200,89.5284
1.7607,0.0000,0.0000,0.0000,1.7605,0.0001,200,91.3705
1.8787,0.0000,0.0000,0.0000,1.8785,0.0001,200,93.1311
1.8330,0.0000,0.0000,0.0000,1.8328,0.0001,200,95.0098
1.7782,0.0000,0.0000,0.0000,1.7780,0.0001,200,96.8428
1.8272,0.0000,0.0000,0.0000,1.8271,0.0001,200,98.6209
1.8281,0.0000,0.0000,0.0000,1.8279,0.0001,200,100.4482
1.8247,0.0000,0.0000,0.0000,1.8246,0.0001,200,102.2763
1.8042,0.0000,0.0000,0.0000,1.8040,0.0001,200,104.1009
1.8370,0.0000,0.0000,0.0000,1.8368,0.0001,200,105.9051
1.7991,0.0000,0.0000,0.0000,1.7990,0.0001,200,107.7421
1.8243,0.0000,0.0000,0.0000,1.8241,0.0001,200,109.5412
1.8774,0.0000,0.0000,0.0000,1.8773,0.0001,200,111.3655
1.9034,0.0000,0.0000,0.0000,1.9033,0.0001,200,113.2429
1.7561,0.0000,0.0000,0.0001,1.7559,0.0001,200,115.1463
1.8632,0.0000,0.0000,0.0000,1.8631,0.0001,200,116.9024
1.8313,0.0000,0.0000,0.0000,1.8312,0.0001,200,118.7657
1.7933,0.0000,0.0000,0.0010,1.7919,0.0001,200,120.5970
1.8566,0.0000,0.0000,0.0000,1.8563,0.0002,200,122.3902
1.7949,0.0000,0.0000,0.0000,1.7948,0.0001,200,124.2468
1.7975,0.0000,0.0000,0.0000,1.7973,0.0002,200,126.0417
1.8015,0.0000,0.0000,0.0000,1.8013,0.0001,200,127.8392
1.7838,0.0000,0.0000,0.0000,1.7837,0.0001,200,129.6407
1.8064,0.0000,0.0000,0.0000,1.8063,0.0001,200,131.4245
1.9358,0.0000,0.0000,0.0000,1.9357,0.0001,200,133.2309
1.7927,0.0000,0.0000,0.0000,1.7926,0.0001,200,135.1668
1.8203,0.0000,0.0000,0.0000,1.8202,0.0001,200,136.9595
1.8196,0.0000,0.0000,0.0000,1.8195,0.0001,200,138.7798
1.7882,0.0000,0.0000,0.0001,1.7880,0.0001,200,140.5994
1.8100,0.0000,0.0000,0.0000,1.8097,0.0002,200,142.3876
1.7758,0.0000,0.0000,0.0000,1.7757,0.0001,200,144.1975
2.0051,0.0000,0.0000,0.0000,2.0049,0.0001,200,145.9734
1.7837,0.0000,0.0000,0.0000,1.7835,0.0001,200,147.9785
1.8492,0.0000,0.0000,0.0000,1.8490,0.0001,200,149.7622
1.8027,0.0000,0.0000,0.0000,1.8026,0.0001,200,151.6113
1.9240,0.0000,0.0000,0.0000,1.9238,0.0001,200,153.4141
1.7916,0.0000,0.0000,0.0000,1.7914,0.0001,200,155.3381
1.8526,0.0000,0.0000,0.0000,1.8524,0.0001,200,157.1296
1.7993,0.0000,0.0000,0.0000,1.7991,0.0001,200,158.9822
1.8501,0.0000,0.0000,0.0000,1.8499,0.0001,200,160.7815
1.8531,0.0000,0.0000,0.0000,1.8529,0.0001,200,162.6316
1.8760,0.0000,0.0000,0.0000,1.8759,0.0001,200,164.4847
1.8134,0.0000,0.0000,0.0000,1.8133,0.0001,200,166.3607
1.8362,0.0000,0.0000,0.0000,1.8361,0.0001,200,168.1741
1.8113,0.0000,0.0000,0.0000,1.8111,0.0001,200,170.0104
1.8145,0.0000,0.0000,0.0000,1.8143,0.0001,200,171.8216
1.8598,0.0000,0.0000,0.0000,1.8597,0.0001,200,173.6361
1.7727,0.0000,0.0000,0.0000,1.7726,0.0001,200,175.4960
1.8580,0.0000,0.0000,0.0000,1.8579,0.0001,200,177.2687
1.7863,0.0000,0.0000,0.0000,1.7861,0.0001,200,179.1267
1.8032,0.0000,0.0000,0.0000,1.8030,0.0002,200,180.9130
1.9097,0.0287,0.0013,0.0000,1.8808,0.0001,200,182.7161
1.8878,0.0000,0.0000,0.0000,1.8877,0.0001,200,184.6258
1.8284,0.0000,0.0000,0.0000,1.8282,0.0001,200,186.5137
1.8424,0.0000,0.0000,0.0000,1.8422,0.0001,200,188.3420
1.7581,0.0000,0.0000,0.0000,1.7580,0.0001,200,190.1844
1.8553,0.0000,0.0000,0.0000,1.8551,0.0001,200,191.9425
1.9458,0.0000,0.0000,0.0000,1.9456,0.0001,200,193.7978
1.7652,0.0000,0.0000,0.0000,1.7651,0.0001,200,195.7436
1.8801,0.0000,0.0000,0.0000,1.8799,0.0001,200,197.5088
1.8438,0.0000,0.0000,0.0000,1.8436,0.0001,200,199.3889
1.9074,0.0000,0.0000,0.0000,1.9072,0.0001,200,201.2326
1.8564,0.0000,0.0000,0.0000,1.8563,0.0001,200,203.1400
2.1520,0.0000,0.0000,0.0000,2.1518,0.0001,200,204.9964
1.8174,0.0000,0.0000,0.0000,1.8173,0.0001,200,207.1484
1.8680,0.0000,0.0000,0.0000,1.8679,0.0001,200,208.9659
1.8919,0.0000,0.0000,0.0001,1.8917,0.0001,200,210.8339
1.7946,0.0000,0.0000,0.0000,1.7944,0.0001,200,212.7258
1.8491,0.0000,0.0000,0.0000,1.8489,0.0001,200,214.5204
1.8509,0.0000,0.0000,0.0000,1.8508,0.0001,200,216.3694
1.8407,0.0000,0.0000,0.0001,1.8405,0.0001,200,218.2204
1.9183,0.0000,0.0000,0.0000,1.9181,0.0002,200,220.0611
1.8587,0.0000,0.0000,0.0000,1.8586,0.0001,200,221.9794
1.8648,0.0000,0.0000,0.0000,1.8647,0.0001,200,223.8381
1.8833,0.0000,0.0000,0.0000,1.8831,0.0001,200,225.7030
1.8176,0.0000,0.0000,0.0000,1.8174,0.0001,200,227.5863
1.8548,0.0000,0.0000,0.0000,1.8546,0.0001,200,229.4039
1.9511,0.0000,0.0000,0.0000,1.9510,0.0001,200,231.2586
1.8504,0.0000,0.0000,0.0000,1.8502,0.0001,200,233.2098
1.8125,0.0000,0.0000,0.0001,1.8123,0.0001,200,235.0602
1.8801,0.0000,0.0000,0.0000,1.8800,0.0001,200,236.8726
1.8282,0.0000,0.0000,0.0000,1.8279,0.0001,200,238.7527
1.8813,0.0000,0.0000,0.0000,1.8811,0.0001,200,240.5809
1.9049,0.0000,0.0000,0.0002,1.9041,0.0001,200,242.4622
1.8073,0.0000,0.0000,0.0000,1.8072,0.0001,200,244.3670
1.8668,0.0000,0.0000,0.0001,1.8665,0.0002,200,246.1744
1.8838,0.0000,0.0000,0.0000,1.8836,0.0001,200,248.0412
1.8371,0.0000,0.0000,0.0000,1.8370,0.0001,200,249.9249
1.9460,0.0000,0.0000,0.0000,1.9459,0.0001,200,251.7620
1.9174,0.0000,0.0000,0.0000,1.9172,0.0001,200,253.7080
1.7648,0.0000,0.0000,0.0000,1.7645,0.0001,200,255.6255
1.8716,0.0000,0.0000,0.0000,1.8714,0.0001,200,257.3902
1.8671,0.0000,0.0000,0.0000,1.8670,0.0001,200,259.2618
1.8197,0.0000,0.0000,0.0000,1.8196,0.0001,200,261.1289
1.8843,0.0000,0.0000,0.0000,1.8841,0.0001,200,262.9486
2.0196,0.0000,0.0000,0.0000,2.0194,0.0002,200,264.8329
1.8565,0.0000,0.0000,0.0000,1.8564,0.0001,200,266.8525
1.8924,0.0000,0.0000,0.0000,1.8923,0.0001,200,268.7091
1.8330,0.0000,0.0000,0.0000,1.8328,0.0001,200,270.6015
1.9720,0.0000,0.0000,0.0000,1.9718,0.0001,200,272.4344
1.8681,0.0000,0.0000,0.0000,1.8680,0.0001,200,274.4064
1.8379,0.0000,0.0000,0.0000,1.8377,0.0001,200,276.2745
1.8613,0.0000,0.0000,0.0000,1.8612,0.0001,200,278.1124
1.8552,0.0000,0.0000,0.0000,1.8550,0.0001,200,279.9737
1.8359,0.0000,0.0000,0.0000,1.8357,0.0001,200,281.8289
1.9750,0.0000,0.0000,0.0001,1.9749,0.0001,200,283.6648
1.8929,0.0000,0.0000,0.0000,1.8928,0.0001,200,285.6398
1.8443,0.0000,0.0000,0.0000,1.8442,0.0001,200,287.5327
1.8943,0.0000,0.0000,0.0000,1.8942,0.0001,200,289.3771
1.8255,0.0000,0.0000,0.0000,1.8253,0.0001,200,291.2714
1.8655,0.0000,0.0000,0.0000,1.8653,0.0001,200,293.0968
1.8837,0.0000,0.0000,0.0000,1.8836,0.0001,200,294.9623
1.8981,0.0000,0.0000,0.0000,1.8980,0.0001,200,296.8460
1.8725,0.0000,0.0000,0.0000,1.8723,0.0001,200,298.7441
